0 0.30583333333333335 0.593875 0.03966666666666666 0.03075
0 0.30483333333333335 0.62975 0.037 0.0305
0 0.30483333333333335 0.66225 0.036333333333333336 0.028
0 0.3135 0.695125 0.041 0.03175
0 0.32116666666666666 0.5583750000000001 0.03766666666666667 0.02675
0 0.34199999999999997 0.72875 0.046 0.032
0 0.35233333333333333 0.68525 0.04 0.0315
0 0.35433333333333333 0.5415 0.042666666666666665 0.0315
0 0.35383333333333333 0.577 0.03966666666666666 0.03
0 0.35816666666666663 0.633375 0.041 0.03175
0 0.3595 0.76075 0.04033333333333333 0.0325
0 0.37066666666666664 0.513875 0.03333333333333333 0.02875
0 0.382 0.48375 0.038 0.028
0 0.381 0.60875 0.034666666666666665 0.028
0 0.39 0.6521250000000001 0.042666666666666665 0.029750000000000002
0 0.3893333333333333 0.56725 0.03866666666666667 0.028
0 0.39416666666666667 0.693125 0.04566666666666667 0.02775
0 0.39599999999999996 0.721625 0.04 0.03175
0 0.39966666666666667 0.774375 0.04533333333333333 0.03275
0 0.3998333333333333 0.532125 0.033666666666666664 0.02725
0 0.41483333333333333 0.497 0.03233333333333333 0.026000000000000002
0 0.42033333333333334 0.466875 0.03666666666666667 0.025750000000000002
0 0.42083333333333334 0.586125 0.036333333333333336 0.02925
0 0.43366666666666664 0.7036250000000001 0.04133333333333333 0.03225
0 0.4343333333333333 0.5525 0.04 0.0315
0 0.4355 0.747375 0.04033333333333333 0.03125
0 0.4375 0.6567500000000001 0.043 0.0345
0 0.4408333333333333 0.621625 0.042333333333333334 0.03125
0 0.4465 0.511875 0.041666666666666664 0.03325
0 0.4548333333333333 0.787625 0.04033333333333333 0.03275
0 0.4518333333333333 0.478625 0.033666666666666664 0.02625
0 0.45466666666666666 0.593875 0.03666666666666667 0.02925
0 0.4651666666666667 0.684125 0.043 0.03275
0 0.4633333333333333 0.452875 0.03666666666666667 0.02825
0 0.4666666666666667 0.7185 0.03866666666666667 0.03
0 0.4731666666666666 0.56425 0.043666666666666666 0.0325
0 0.47533333333333333 0.642375 0.03733333333333333 0.03025
0 0.47833333333333333 0.534875 0.04066666666666666 0.03075
0 0.4905 0.765 0.041666666666666664 0.0315
0 0.5013333333333333 0.802 0.04133333333333333 0.03
0 0.5006666666666667 0.46925 0.03733333333333333 0.028
0 0.5011666666666666 0.503625 0.037 0.02775
0 0.509 0.689125 0.043333333333333335 0.03425
0 0.5105 0.552 0.036333333333333336 0.028
0 0.5143333333333333 0.435375 0.03733333333333333 0.02725
0 0.5205 0.732125 0.03966666666666666 0.03075
0 0.5251666666666667 0.6481250000000001 0.03966666666666666 0.03075
0 0.5268333333333333 0.606375 0.042333333333333334 0.03075
0 0.5366666666666666 0.48725 0.04 0.032
0 0.5428333333333333 0.457125 0.033666666666666664 0.02625
0 0.5445 0.5181250000000001 0.033 0.02675
0 0.5496666666666666 0.68925 0.04066666666666666 0.0315
0 0.5491666666666667 0.77125 0.037 0.0285
0 0.5548333333333333 0.8083750000000001 0.039 0.03125
0 0.5579999999999999 0.57975 0.036 0.0265
0 0.5616666666666666 0.5455 0.04066666666666666 0.032
0 0.5643333333333334 0.6607500000000001 0.038 0.0285
0 0.5746666666666667 0.7365 0.04533333333333333 0.0345
0 0.5715 0.50375 0.037 0.028
0 0.5795 0.606 0.037 0.0275
0 0.5861666666666666 0.475875 0.041 0.02825
0 0.5898333333333333 0.77475 0.043 0.035500000000000004
0 0.5938333333333333 0.5720000000000001 0.03766666666666667 0.03
0 0.6038333333333333 0.63175 0.041 0.0325
0 0.6033333333333333 0.5385 0.03666666666666667 0.028
0 0.6074999999999999 0.691125 0.043 0.03425
0 0.6138333333333333 0.502875 0.03833333333333333 0.02625
0 0.6231666666666666 0.597875 0.035666666666666666 0.02675
0 0.6283333333333333 0.473125 0.041999999999999996 0.03125
0 0.6345 0.741125 0.035666666666666666 0.02875
0 0.6355 0.559125 0.037 0.02775
0 0.6438333333333333 0.526375 0.03966666666666666 0.03075
0 0.6476666666666666 0.677125 0.042666666666666665 0.03225
0 0.6516666666666666 0.7857500000000001 0.041999999999999996 0.03
0 0.6601666666666667 0.49625 0.03766666666666667 0.024
0 0.6595 0.649 0.035666666666666666 0.031
0 0.6725 0.7505000000000001 0.041 0.031
0 0.6721666666666667 0.7076250000000001 0.03833333333333333 0.03125
0 0.6778333333333333 0.5665 0.036333333333333336 0.0275
0 0.6918333333333333 0.615 0.039 0.029500000000000002
0 0.696 0.542375 0.034666666666666665 0.02525
0 0.6996666666666667 0.6411250000000001 0.038 0.02825
0 0.7038333333333333 0.679125 0.03833333333333333 0.02875
0 0.7128333333333333 0.513 0.03966666666666666 0.029
0 0.7193333333333333 0.71175 0.03866666666666667 0.029500000000000002
0 0.7288333333333333 0.576375 0.037 0.03125
0 0.7383333333333333 0.604375 0.036 0.02675
0 0.7433333333333333 0.682125 0.03733333333333333 0.029750000000000002
0 0.7476666666666666 0.647375 0.036 0.02925
0 0.7476666666666666 0.528625 0.034666666666666665 0.02725
0 0.7543333333333333 0.504375 0.043333333333333335 0.02525
0 0.7695 0.56075 0.034333333333333334 0.0265
0 0.773 0.62325 0.036 0.029
0 0.7798333333333333 0.5916250000000001 0.03833333333333333 0.02825
