0 0.2848333333333333 0.6481250000000001 0.035666666666666666 0.025750000000000002
0 0.30016666666666664 0.622375 0.03833333333333333 0.02825
0 0.3055 0.67275 0.03966666666666666 0.0305
0 0.30933333333333335 0.7076250000000001 0.034666666666666665 0.02775
0 0.312 0.597 0.036 0.029
0 0.3278333333333333 0.5700000000000001 0.037 0.029
0 0.32766666666666666 0.64825 0.03333333333333333 0.027
0 0.33649999999999997 0.725125 0.036333333333333336 0.02725
0 0.3383333333333333 0.61725 0.034666666666666665 0.028
0 0.3466666666666667 0.671625 0.03933333333333333 0.029750000000000002
0 0.3455 0.545125 0.034333333333333334 0.02725
0 0.3565 0.58675 0.034999999999999996 0.025500000000000002
0 0.36283333333333334 0.6395000000000001 0.039 0.0275
0 0.36166666666666664 0.69775 0.034666666666666665 0.029
0 0.3655 0.7505000000000001 0.039 0.0285
0 0.3778333333333333 0.53325 0.037 0.0285
0 0.3795 0.724375 0.03833333333333333 0.03075
0 0.3793333333333333 0.561125 0.035333333333333335 0.02775
0 0.3795 0.608375 0.03166666666666666 0.02625
0 0.3868333333333333 0.776375 0.039 0.02775
0 0.3863333333333333 0.660625 0.035333333333333335 0.02925
0 0.39649999999999996 0.58575 0.036333333333333336 0.0285
0 0.40066666666666667 0.633 0.038 0.0285
0 0.40449999999999997 0.511125 0.03966666666666666 0.02925
0 0.4048333333333333 0.688375 0.03966666666666666 0.03125
0 0.4046666666666667 0.74625 0.034666666666666665 0.0275
0 0.4121666666666666 0.54225 0.034999999999999996 0.0275
0 0.418 0.6095 0.038 0.0275
0 0.418 0.566875 0.034666666666666665 0.021750000000000002
0 0.42016666666666663 0.660625 0.034333333333333334 0.02675
0 0.42183333333333334 0.717 0.037 0.031
0 0.4205 0.771625 0.033 0.03125
0 0.43716666666666665 0.634875 0.034999999999999996 0.02675
0 0.4398333333333333 0.746625 0.037 0.02825
0 0.44366666666666665 0.581375 0.03733333333333333 0.02875
0 0.4405 0.511875 0.03233333333333333 0.02125
0 0.447 0.6833750000000001 0.038 0.02925
0 0.45466666666666666 0.776625 0.04 0.02825
0 0.45699999999999996 0.709875 0.038 0.03025
0 0.45566666666666666 0.554875 0.033999999999999996 0.025750000000000002
0 0.45566666666666666 0.60825 0.03333333333333333 0.0245
0 0.4701666666666667 0.647375 0.039 0.029750000000000002
0 0.4713333333333333 0.530625 0.03666666666666667 0.02875
0 0.47333333333333333 0.499 0.036 0.0275
0 0.47983333333333333 0.7348750000000001 0.034999999999999996 0.02825
0 0.48266666666666663 0.579 0.035333333333333335 0.0275
0 0.484 0.678625 0.036 0.02875
0 0.48483333333333334 0.623625 0.034333333333333334 0.025750000000000002
0 0.48816666666666664 0.791125 0.039 0.02775
0 0.49183333333333334 0.553625 0.034999999999999996 0.02425
0 0.4945 0.76025 0.037 0.031
0 0.5038333333333334 0.601625 0.033 0.02475
0 0.5065 0.523875 0.033 0.025750000000000002
0 0.511 0.656375 0.03266666666666666 0.025750000000000002
0 0.5116666666666666 0.701625 0.033999999999999996 0.02625
0 0.5158333333333334 0.497375 0.03766666666666667 0.02875
0 0.5193333333333333 0.5740000000000001 0.038 0.029
0 0.5246666666666666 0.624375 0.03866666666666667 0.02875
0 0.5256666666666666 0.7262500000000001 0.04 0.0285
0 0.5268333333333333 0.7907500000000001 0.037 0.0275
0 0.534 0.5435 0.04 0.029500000000000002
0 0.532 0.67825 0.03333333333333333 0.025
0 0.5413333333333333 0.5955 0.03733333333333333 0.028
0 0.5428333333333333 0.7595000000000001 0.03966666666666666 0.0335
0 0.5475 0.516625 0.034999999999999996 0.02675
0 0.5523333333333333 0.6461250000000001 0.034666666666666665 0.02675
0 0.5538333333333333 0.704375 0.035666666666666666 0.02875
0 0.5538333333333333 0.5700000000000001 0.034333333333333334 0.025
0 0.5621666666666667 0.6185 0.036333333333333336 0.029
0 0.5695 0.735375 0.037 0.02725
0 0.5705 0.537625 0.03766666666666667 0.02675
0 0.5741666666666666 0.672 0.03833333333333333 0.0285
0 0.5766666666666667 0.5916250000000001 0.038 0.02825
0 0.5886666666666667 0.758375 0.033999999999999996 0.02775
0 0.5893333333333333 0.70125 0.035333333333333335 0.026000000000000002
0 0.5945 0.570125 0.036333333333333336 0.02625
0 0.595 0.647375 0.03333333333333333 0.02725
0 0.6084999999999999 0.72475 0.03966666666666666 0.0305
0 0.6053333333333333 0.619625 0.03266666666666666 0.02525
0 0.6143333333333333 0.546625 0.034666666666666665 0.02425
0 0.6141666666666666 0.670875 0.033666666666666664 0.02675
0 0.62 0.59075 0.035333333333333335 0.025500000000000002
0 0.6278333333333334 0.64275 0.036333333333333336 0.029
0 0.631 0.749375 0.03933333333333333 0.03125
0 0.63 0.6970000000000001 0.032 0.0275
0 0.6291666666666667 0.5675 0.033 0.0245
0 0.6408333333333334 0.617625 0.035666666666666666 0.02625
0 0.6455 0.72275 0.033666666666666664 0.029500000000000002
0 0.6528333333333333 0.67125 0.033666666666666664 0.0285
0 0.656 0.59125 0.036 0.024
0 0.6658333333333333 0.642 0.031 0.026000000000000002
0 0.6705 0.698625 0.033 0.02375
0 0.6835 0.6205 0.034333333333333334 0.026000000000000002
0 0.6881666666666666 0.6723750000000001 0.041 0.02875
