0 0.35266666666666663 0.595375 0.03333333333333333 0.02625
0 0.37866666666666665 0.629 0.042666666666666665 0.029500000000000002
0 0.383 0.661 0.04066666666666666 0.031
0 0.38766666666666666 0.7005 0.044 0.0315
0 0.39649999999999996 0.57825 0.039 0.029500000000000002
0 0.4085 0.727875 0.043 0.03075
0 0.4053333333333333 0.606 0.036 0.027
0 0.42466666666666664 0.679125 0.03933333333333333 0.02825
0 0.42733333333333334 0.64975 0.04 0.0325
0 0.42883333333333334 0.554125 0.041 0.03025
0 0.4363333333333333 0.58575 0.03666666666666667 0.0265
0 0.4423333333333333 0.611125 0.038 0.03225
0 0.44566666666666666 0.742375 0.03733333333333333 0.02925
0 0.4475 0.70675 0.037 0.031
0 0.46249999999999997 0.54 0.034333333333333334 0.029500000000000002
0 0.4653333333333333 0.67975 0.03666666666666667 0.0285
0 0.46416666666666667 0.5705 0.033 0.025
0 0.46749999999999997 0.6415 0.037 0.0275
0 0.4721666666666666 0.5955 0.034333333333333334 0.027
0 0.484 0.7235 0.041999999999999996 0.031
0 0.48683333333333334 0.516625 0.041666666666666664 0.02925
0 0.49516666666666664 0.754 0.041 0.0315
0 0.4958333333333333 0.6607500000000001 0.04033333333333333 0.032
0 0.4958333333333333 0.6185 0.034999999999999996 0.0275
0 0.5038333333333334 0.542625 0.034999999999999996 0.02725
0 0.5065 0.691125 0.03833333333333333 0.02725
0 0.508 0.5755 0.038 0.0305
0 0.523 0.516875 0.041999999999999996 0.03075
0 0.5273333333333333 0.724375 0.04133333333333333 0.03275
0 0.5266666666666666 0.632125 0.038 0.02875
0 0.5268333333333333 0.6025 0.037 0.028
0 0.5361666666666667 0.4895 0.043 0.029
0 0.5376666666666666 0.554 0.04 0.0285
0 0.5381666666666667 0.66025 0.039 0.029500000000000002
0 0.5381666666666667 0.7545000000000001 0.03833333333333333 0.0285
0 0.5455 0.6900000000000001 0.043 0.031
0 0.5469999999999999 0.57975 0.034666666666666665 0.026000000000000002
0 0.5621666666666667 0.6115 0.03766666666666667 0.031
0 0.5673333333333334 0.527875 0.03733333333333333 0.03025
0 0.5695 0.731 0.04033333333333333 0.031
0 0.5705 0.642375 0.042333333333333334 0.03125
0 0.5721666666666666 0.761 0.03966666666666666 0.0315
0 0.5695 0.497 0.033666666666666664 0.025
0 0.5731666666666666 0.5563750000000001 0.03833333333333333 0.025750000000000002
0 0.5788333333333333 0.67325 0.04033333333333333 0.0315
0 0.5888333333333333 0.590375 0.041666666666666664 0.029750000000000002
0 0.5913333333333333 0.702875 0.042666666666666665 0.03025
0 0.6028333333333333 0.511875 0.04033333333333333 0.02825
0 0.6021666666666666 0.6188750000000001 0.03833333333333333 0.029750000000000002
0 0.6068333333333333 0.73375 0.03966666666666666 0.0315
0 0.6084999999999999 0.540875 0.041666666666666664 0.02825
0 0.6073333333333333 0.65325 0.038 0.028
0 0.6173333333333333 0.567375 0.03266666666666666 0.02625
0 0.6256666666666666 0.68025 0.03933333333333333 0.03
0 0.6341666666666667 0.6345000000000001 0.034333333333333334 0.0265
0 0.6361666666666667 0.5231250000000001 0.034999999999999996 0.02725
0 0.6303333333333333 0.7145 0.03133333333333333 0.0305
0 0.6408333333333334 0.600625 0.035666666666666666 0.029750000000000002
0 0.6465 0.55125 0.043 0.0305
0 0.6595 0.7415 0.041 0.029
0 0.6601666666666667 0.7020000000000001 0.03966666666666666 0.032
0 0.6626666666666666 0.6607500000000001 0.034666666666666665 0.029500000000000002
0 0.6761666666666667 0.5775 0.03766666666666667 0.03
0 0.6793333333333333 0.5365 0.036 0.0275
0 0.6908333333333333 0.622125 0.039 0.029750000000000002
0 0.6965 0.71225 0.041 0.032
0 0.711 0.59775 0.03733333333333333 0.029
0 0.7163333333333333 0.5665 0.03733333333333333 0.029
0 0.7231666666666666 0.6567500000000001 0.034999999999999996 0.0275
0 0.7258333333333333 0.6915 0.039 0.029
0 0.7278333333333333 0.6275000000000001 0.03966666666666666 0.0325
0 0.7558333333333334 0.670125 0.03833333333333333 0.02525
