0 0.421625 0.41466666666666663 0.02925 0.041999999999999996
0 0.455625 0.5555 0.02925 0.043666666666666666
0 0.46187500000000004 0.48866666666666664 0.03125 0.041999999999999996
0 0.4685 0.6111666666666666 0.029500000000000002 0.04033333333333333
0 0.470375 0.409 0.03125 0.04
0 0.47950000000000004 0.45 0.0335 0.046
0 0.484875 0.36483333333333334 0.03025 0.04033333333333333
0 0.4935 0.5101666666666667 0.035500000000000004 0.045
0 0.495 0.5575 0.031 0.041
0 0.507875 0.33366666666666667 0.03375 0.04466666666666667
0 0.505625 0.414 0.02875 0.03933333333333333
0 0.50875 0.6626666666666666 0.032 0.044
0 0.51025 0.6038333333333333 0.0325 0.043666666666666666
0 0.513 0.4671666666666667 0.0335 0.03833333333333333
0 0.5185 0.376 0.0335 0.041999999999999996
0 0.535625 0.42533333333333334 0.03225 0.04133333333333333
0 0.53725 0.5043333333333333 0.0325 0.042666666666666665
0 0.54 0.5695 0.0375 0.04633333333333333
0 0.539625 0.632 0.03075 0.03866666666666667
0 0.538875 0.6975 0.02875 0.03966666666666666
0 0.544625 0.27499999999999997 0.03225 0.04066666666666666
0 0.545 0.33516666666666667 0.0325 0.04433333333333333
0 0.55675 0.5366666666666666 0.033 0.04133333333333333
0 0.5575 0.4658333333333333 0.0305 0.041666666666666664
0 0.5583750000000001 0.3748333333333333 0.03175 0.042333333333333334
0 0.56075 0.6028333333333333 0.0285 0.03966666666666666
0 0.56925 0.424 0.032 0.04
0 0.571625 0.297 0.03125 0.038
0 0.577125 0.33699999999999997 0.03025 0.03933333333333333
0 0.58175 0.4945 0.029 0.041666666666666664
0 0.581375 0.634 0.02775 0.03133333333333333
0 0.5845 0.7173333333333333 0.0335 0.04466666666666667
0 0.59225 0.3798333333333333 0.029 0.03833333333333333
0 0.598125 0.5381666666666667 0.03275 0.04433333333333333
0 0.597375 0.44866666666666666 0.02875 0.041999999999999996
0 0.5982500000000001 0.596 0.03 0.04066666666666666
0 0.607625 0.6575 0.03225 0.043
0 0.60825 0.2935 0.033 0.043
0 0.608 0.3406666666666667 0.0305 0.03866666666666667
0 0.61775 0.7195 0.0325 0.043
0 0.620375 0.4085 0.03275 0.042333333333333334
0 0.623625 0.5048333333333334 0.03275 0.045
0 0.634125 0.4548333333333333 0.03375 0.045
0 0.640375 0.3273333333333333 0.03125 0.04
0 0.64 0.6131666666666666 0.0305 0.03966666666666666
0 0.6415 0.3718333333333333 0.033 0.045
0 0.64275 0.5459999999999999 0.03 0.03933333333333333
0 0.653625 0.7106666666666667 0.03225 0.048
0 0.65325 0.6548333333333333 0.031 0.04766666666666666
0 0.6575 0.5053333333333333 0.033 0.042666666666666665
0 0.657125 0.4135 0.03175 0.04433333333333333
0 0.668125 0.45516666666666666 0.03175 0.03833333333333333
0 0.6763750000000001 0.3228333333333333 0.03175 0.042333333333333334
0 0.685 0.36833333333333335 0.0335 0.042666666666666665
0 0.69075 0.5975 0.029 0.041666666666666664
0 0.69425 0.6841666666666666 0.0325 0.047
0 0.6935 0.542 0.029 0.04133333333333333
0 0.695875 0.49916666666666665 0.02825 0.043
0 0.704 0.4285 0.03 0.04033333333333333
0 0.718125 0.6388333333333334 0.03225 0.03966666666666666
0 0.72675 0.48216666666666663 0.035 0.04766666666666666
0 0.732625 0.5479999999999999 0.03075 0.041999999999999996
0 0.73375 0.5965 0.032 0.042333333333333334
