0 0.3155 0.68525 0.051666666666666666 0.0395
0 0.3431666666666667 0.722875 0.055 0.04125
0 0.3605 0.66025 0.04566666666666667 0.0365
0 0.3625 0.605125 0.04833333333333333 0.03775
0 0.39 0.700125 0.048666666666666664 0.03675
0 0.39866666666666667 0.760375 0.05733333333333333 0.04275
0 0.39399999999999996 0.575875 0.044 0.03475
0 0.4111666666666667 0.50125 0.04833333333333333 0.0375
0 0.4136666666666666 0.6275000000000001 0.04933333333333333 0.0375
0 0.42416666666666664 0.666125 0.049666666666666665 0.03375
0 0.43916666666666665 0.5275 0.050333333333333334 0.036000000000000004
0 0.45749999999999996 0.70325 0.059 0.044
0 0.46349999999999997 0.5755 0.048999999999999995 0.036000000000000004
0 0.477 0.75875 0.04933333333333333 0.038
0 0.47983333333333333 0.624 0.048999999999999995 0.036000000000000004
0 0.4825 0.49512500000000004 0.045 0.035250000000000004
0 0.486 0.663375 0.04733333333333333 0.03475
0 0.5308333333333333 0.522875 0.051666666666666666 0.03775
0 0.5425 0.706 0.04766666666666666 0.0375
0 0.5533333333333333 0.477125 0.052 0.03975
0 0.5595 0.656375 0.04833333333333333 0.03725
0 0.5668333333333333 0.6052500000000001 0.053 0.04
0 0.5783333333333334 0.559125 0.049999999999999996 0.035250000000000004
0 0.5805 0.739625 0.051666666666666666 0.03875
0 0.5893333333333333 0.69625 0.052 0.0425
0 0.6074999999999999 0.51775 0.045 0.033
0 0.6153333333333333 0.588 0.050666666666666665 0.0405
0 0.6194999999999999 0.626625 0.04766666666666666 0.035250000000000004
0 0.632 0.75675 0.058666666666666666 0.042
0 0.6381666666666667 0.483 0.051 0.0385
0 0.6543333333333333 0.559875 0.05266666666666667 0.03975
0 0.6543333333333333 0.677125 0.043333333333333335 0.03425
0 0.6866666666666666 0.706375 0.052 0.03975
0 0.6881666666666666 0.590375 0.043666666666666666 0.035750000000000004
0 0.7016666666666667 0.627875 0.054 0.03975
0 0.7028333333333333 0.5231250000000001 0.053 0.03975
0 0.708 0.562625 0.04933333333333333 0.03875
