0 0.3441666666666667 0.61225 0.04833333333333333 0.035500000000000004
0 0.36733333333333335 0.75525 0.04533333333333333 0.0345
0 0.3728333333333333 0.70175 0.04766666666666666 0.0345
0 0.3868333333333333 0.590375 0.041 0.03175
0 0.39466666666666667 0.627875 0.044 0.03475
0 0.4131666666666666 0.726 0.051 0.038
0 0.4215 0.67325 0.053 0.041
0 0.439 0.594625 0.050666666666666665 0.03675
0 0.44 0.788 0.044 0.0345
0 0.46166666666666667 0.536875 0.044 0.03425
0 0.478 0.653625 0.04733333333333333 0.03475
0 0.47983333333333333 0.727125 0.045 0.03475
0 0.494 0.57625 0.04533333333333333 0.036000000000000004
0 0.5111666666666667 0.533375 0.047 0.035250000000000004
0 0.5126666666666666 0.696625 0.048666666666666664 0.035750000000000004
0 0.518 0.764625 0.04466666666666667 0.03275
0 0.5251666666666667 0.6185 0.04766666666666666 0.036000000000000004
0 0.5565 0.504125 0.041 0.02875
0 0.5595 0.64425 0.041 0.0315
0 0.5651666666666666 0.56725 0.043 0.0335
0 0.5716666666666667 0.7282500000000001 0.04733333333333333 0.038
0 0.5803333333333334 0.679875 0.042666666666666665 0.03425
0 0.5886666666666667 0.7665000000000001 0.054 0.0425
0 0.5918333333333333 0.604125 0.03966666666666666 0.03075
0 0.6193333333333333 0.557625 0.046 0.03425
0 0.62 0.645875 0.04533333333333333 0.03275
0 0.622 0.729875 0.03933333333333333 0.03275
0 0.6361666666666667 0.5982500000000001 0.048999999999999995 0.036000000000000004
0 0.644 0.690375 0.04533333333333333 0.03775
0 0.6486666666666666 0.7681250000000001 0.054 0.04225
0 0.6633333333333333 0.650875 0.042666666666666665 0.03375
0 0.6736666666666666 0.730625 0.04666666666666666 0.03625
0 0.696 0.70125 0.04733333333333333 0.036000000000000004
