0 0.3065 0.62275 0.035666666666666666 0.0305
0 0.3288333333333333 0.5935 0.041 0.0305
0 0.33599999999999997 0.65325 0.03933333333333333 0.032
0 0.346 0.56775 0.03666666666666667 0.032
0 0.35433333333333333 0.625125 0.041999999999999996 0.03175
0 0.3535 0.534125 0.03833333333333333 0.02875
0 0.3715 0.597875 0.042333333333333334 0.03075
0 0.3733333333333333 0.680125 0.043333333333333335 0.03175
0 0.38016666666666665 0.6501250000000001 0.04433333333333333 0.03025
0 0.38266666666666665 0.51 0.036 0.0285
0 0.38666666666666666 0.572375 0.035333333333333335 0.02875
0 0.3933333333333333 0.623125 0.03733333333333333 0.02875
0 0.3978333333333333 0.481375 0.043 0.03025
0 0.39849999999999997 0.709125 0.03766666666666667 0.03325
0 0.4076666666666667 0.67425 0.03933333333333333 0.0265
0 0.4103333333333333 0.54425 0.036 0.0275
0 0.414 0.5982500000000001 0.03933333333333333 0.0335
0 0.4205 0.645875 0.042333333333333334 0.03325
0 0.42466666666666664 0.5185 0.03933333333333333 0.027
0 0.43216666666666664 0.568875 0.03166666666666666 0.02325
0 0.441 0.490375 0.03733333333333333 0.03025
0 0.4433333333333333 0.617625 0.03866666666666667 0.02775
0 0.45066666666666666 0.684125 0.03666666666666667 0.02825
0 0.45599999999999996 0.5845 0.04133333333333333 0.0305
0 0.45399999999999996 0.545875 0.035333333333333335 0.02825
0 0.46216666666666667 0.64 0.04033333333333333 0.025500000000000002
0 0.46216666666666667 0.515 0.03766666666666667 0.027
0 0.4795 0.663125 0.03966666666666666 0.029750000000000002
0 0.483 0.481875 0.04066666666666666 0.03025
0 0.48483333333333334 0.61225 0.043 0.03
0 0.48383333333333334 0.565375 0.036333333333333336 0.02775
0 0.5001666666666666 0.6885 0.041 0.028
0 0.5021666666666667 0.529375 0.04033333333333333 0.03025
0 0.5038333333333334 0.63725 0.04033333333333333 0.0325
0 0.5086666666666666 0.58675 0.04066666666666666 0.0315
0 0.5141666666666667 0.45687500000000003 0.043666666666666666 0.029750000000000002
0 0.521 0.5565 0.04066666666666666 0.032
0 0.5215 0.50325 0.03966666666666666 0.0265
0 0.5346666666666666 0.715 0.043333333333333335 0.034
0 0.5376666666666666 0.656 0.04066666666666666 0.031
0 0.5429999999999999 0.529 0.04466666666666667 0.031
0 0.5423333333333333 0.626375 0.03933333333333333 0.029750000000000002
0 0.5466666666666666 0.68525 0.03733333333333333 0.029500000000000002
0 0.5513333333333333 0.593875 0.038 0.02925
0 0.5543333333333333 0.47000000000000003 0.036 0.028
0 0.5605 0.501625 0.039 0.029750000000000002
0 0.5626666666666666 0.56575 0.04066666666666666 0.028
0 0.5771666666666666 0.65325 0.042333333333333334 0.033
0 0.5783333333333334 0.7212500000000001 0.042666666666666665 0.0335
0 0.585 0.6863750000000001 0.046 0.03225
0 0.5898333333333333 0.5885 0.039 0.0275
0 0.5933333333333333 0.534125 0.04066666666666666 0.03075
0 0.5935 0.477875 0.03966666666666666 0.03025
0 0.6011666666666666 0.617 0.03766666666666667 0.0285
0 0.6143333333333333 0.502875 0.04133333333333333 0.03175
0 0.6136666666666667 0.559875 0.03866666666666667 0.02875
0 0.6204999999999999 0.7055 0.041666666666666664 0.0325
0 0.6236666666666666 0.64 0.03866666666666667 0.0275
0 0.6263333333333333 0.672125 0.04133333333333333 0.03425
0 0.634 0.5865 0.04 0.029500000000000002
0 0.6386666666666666 0.533 0.044 0.0315
0 0.6548333333333333 0.563125 0.039 0.02725
0 0.6573333333333333 0.6118750000000001 0.042666666666666665 0.03275
0 0.6585 0.47325 0.041666666666666664 0.0315
0 0.6616666666666666 0.50525 0.042666666666666665 0.028
0 0.6673333333333333 0.684875 0.04 0.02875
0 0.6715 0.643875 0.03766666666666667 0.02925
0 0.6766666666666666 0.5876250000000001 0.03733333333333333 0.03025
0 0.6908333333333333 0.5325 0.041 0.027
0 0.7006666666666667 0.5630000000000001 0.04133333333333333 0.0315
0 0.7111666666666666 0.630125 0.041 0.03075
0 0.7168333333333333 0.602 0.039 0.0285
0 0.7444999999999999 0.570875 0.03966666666666666 0.03025
0 0.7605 0.6275000000000001 0.04033333333333333 0.031
