0 0.20733333333333331 0.621625 0.06 0.04275
0 0.22316666666666665 0.6900000000000001 0.05366666666666667 0.0395
0 0.23933333333333331 0.6521250000000001 0.056666666666666664 0.03975
0 0.24233333333333332 0.572875 0.04533333333333333 0.03475
0 0.2523333333333333 0.726375 0.058666666666666666 0.05025
0 0.2663333333333333 0.61225 0.051333333333333335 0.047
0 0.27416666666666667 0.6880000000000001 0.05433333333333333 0.043500000000000004
0 0.2733333333333333 0.53725 0.052 0.0395
0 0.296 0.57125 0.04933333333333333 0.036000000000000004
0 0.29616666666666663 0.6431250000000001 0.045 0.03375
0 0.30516666666666664 0.495875 0.055 0.03875
0 0.31083333333333335 0.715375 0.05366666666666667 0.04125
0 0.3228333333333333 0.6118750000000001 0.06033333333333333 0.04575
0 0.32516666666666666 0.532875 0.04833333333333333 0.03475
0 0.33399999999999996 0.752125 0.056 0.043750000000000004
0 0.33716666666666667 0.676625 0.049666666666666665 0.03825
0 0.3441666666666667 0.44275000000000003 0.04766666666666666 0.0365
0 0.35383333333333333 0.5650000000000001 0.053 0.0385
0 0.363 0.637625 0.056666666666666664 0.04525
0 0.358 0.482625 0.04533333333333333 0.03325
0 0.36583333333333334 0.713375 0.05633333333333333 0.04425
0 0.3773333333333333 0.524375 0.054 0.04025
0 0.388 0.753625 0.06333333333333332 0.04275
0 0.38966666666666666 0.673875 0.049999999999999996 0.03725
0 0.3928333333333333 0.4545 0.051666666666666666 0.0365
0 0.39416666666666667 0.600125 0.05366666666666667 0.04125
0 0.39466666666666667 0.41300000000000003 0.05266666666666667 0.0395
0 0.4098333333333333 0.48962500000000003 0.04566666666666667 0.03625
0 0.41783333333333333 0.638375 0.05233333333333333 0.03875
0 0.421 0.709125 0.057999999999999996 0.04675
0 0.42 0.791125 0.052 0.04225
0 0.4215 0.55875 0.051 0.0385
0 0.4375 0.5185 0.050333333333333334 0.037
0 0.442 0.435625 0.050666666666666665 0.03725
0 0.4465 0.747 0.059666666666666666 0.044
0 0.4455 0.397625 0.053 0.03675
0 0.44766666666666666 0.60175 0.04933333333333333 0.0365
0 0.45566666666666666 0.6685 0.050666666666666665 0.038
0 0.45699999999999996 0.482875 0.050666666666666665 0.03775
0 0.4725 0.783 0.05366666666666667 0.043500000000000004
0 0.47433333333333333 0.565375 0.05533333333333333 0.04275
0 0.477 0.6325000000000001 0.046 0.0385
0 0.48016666666666663 0.702875 0.051 0.03825
0 0.4895 0.5255 0.05433333333333333 0.0425
0 0.48816666666666664 0.4525 0.04766666666666666 0.035500000000000004
0 0.489 0.415875 0.04666666666666666 0.03475
0 0.4958333333333333 0.3785 0.050333333333333334 0.0365
0 0.5058333333333334 0.74475 0.059666666666666666 0.0425
0 0.5023333333333333 0.5982500000000001 0.048666666666666664 0.036000000000000004
0 0.507 0.488875 0.048666666666666664 0.03725
0 0.5086666666666666 0.67125 0.049999999999999996 0.039
0 0.5283333333333333 0.558 0.054 0.0395
0 0.5346666666666666 0.706375 0.056 0.043250000000000004
0 0.5356666666666666 0.7825 0.04933333333333333 0.0425
0 0.5341666666666667 0.62825 0.04633333333333333 0.0365
0 0.5408333333333333 0.51925 0.04833333333333333 0.035500000000000004
0 0.5438333333333333 0.45475 0.053 0.0395
0 0.5476666666666666 0.3695 0.051333333333333335 0.037
0 0.5543333333333333 0.41100000000000003 0.050666666666666665 0.0335
0 0.5616666666666666 0.593125 0.05733333333333333 0.04125
0 0.5626666666666666 0.746625 0.056 0.04075
0 0.5663333333333334 0.6743750000000001 0.048 0.04225
0 0.5808333333333333 0.558 0.04833333333333333 0.035500000000000004
0 0.5893333333333333 0.638375 0.05733333333333333 0.043250000000000004
0 0.5881666666666666 0.476375 0.04566666666666667 0.03775
0 0.5935 0.713375 0.051666666666666666 0.04075
0 0.5913333333333333 0.437625 0.044 0.03475
0 0.5955 0.786875 0.05233333333333333 0.04025
0 0.595 0.51925 0.048666666666666664 0.035500000000000004
0 0.5955 0.3935 0.04633333333333333 0.0335
0 0.6183333333333333 0.67475 0.057999999999999996 0.045
0 0.6141666666666666 0.588 0.047 0.036000000000000004
0 0.6276666666666666 0.7435 0.050666666666666665 0.041
0 0.6298333333333334 0.54975 0.051 0.0365
0 0.633 0.46387500000000004 0.04666666666666666 0.035250000000000004
0 0.6408333333333334 0.418125 0.05366666666666667 0.04175
0 0.6455 0.634875 0.049666666666666665 0.03725
0 0.6486666666666666 0.70525 0.051333333333333335 0.0415
0 0.6545 0.78325 0.061 0.043000000000000003
0 0.6548333333333333 0.5025000000000001 0.059 0.045
0 0.6648333333333333 0.597 0.05566666666666666 0.0405
0 0.6778333333333333 0.6705 0.050333333333333334 0.041
0 0.6798333333333333 0.74625 0.051 0.0405
0 0.6866666666666666 0.4345 0.054 0.0395
0 0.6881666666666666 0.559875 0.050333333333333334 0.03775
0 0.6991666666666666 0.476375 0.053 0.043250000000000004
0 0.7038333333333333 0.7036250000000001 0.048999999999999995 0.03875
0 0.7065 0.627875 0.04633333333333333 0.03625
0 0.7101666666666666 0.52475 0.04833333333333333 0.037
0 0.7246666666666667 0.5896250000000001 0.05333333333333333 0.043250000000000004
0 0.7366666666666667 0.67 0.05733333333333333 0.044
0 0.7506666666666666 0.54625 0.05333333333333333 0.039
0 0.7628333333333334 0.625125 0.048999999999999995 0.03625
0 0.7881666666666667 0.57825 0.059666666666666666 0.044
