0 0.29183333333333333 0.658375 0.04566666666666667 0.03675
0 0.29783333333333334 0.615 0.043 0.032
0 0.30433333333333334 0.58175 0.041999999999999996 0.0345
0 0.31033333333333335 0.5435 0.04466666666666667 0.0315
0 0.31316666666666665 0.49275 0.03966666666666666 0.029500000000000002
0 0.3298333333333333 0.675625 0.043666666666666666 0.03475
0 0.33399999999999996 0.638 0.04533333333333333 0.036000000000000004
0 0.33366666666666667 0.7056250000000001 0.03866666666666667 0.03125
0 0.33816666666666667 0.459125 0.04566666666666667 0.035750000000000004
0 0.3383333333333333 0.600125 0.04066666666666666 0.03125
0 0.3393333333333333 0.56575 0.03933333333333333 0.0305
0 0.34099999999999997 0.52 0.04066666666666666 0.029
0 0.357 0.49112500000000003 0.043333333333333335 0.03225
0 0.36966666666666664 0.43525 0.04466666666666667 0.033
0 0.37133333333333335 0.724 0.04666666666666666 0.035500000000000004
0 0.3723333333333333 0.623125 0.04733333333333333 0.03775
0 0.371 0.691625 0.04 0.03325
0 0.375 0.54775 0.042666666666666665 0.033
0 0.371 0.656375 0.03333333333333333 0.03125
0 0.37616666666666665 0.582125 0.04033333333333333 0.03225
0 0.38266666666666665 0.464625 0.044 0.03175
0 0.383 0.513875 0.04 0.03075
0 0.3973333333333333 0.409125 0.041999999999999996 0.03225
0 0.4106666666666667 0.7020000000000001 0.042666666666666665 0.0335
0 0.4096666666666667 0.44075000000000003 0.04 0.0305
0 0.41133333333333333 0.667625 0.04133333333333333 0.03225
0 0.4145 0.634125 0.04633333333333333 0.03625
0 0.41716666666666663 0.497 0.042333333333333334 0.032
0 0.4195 0.5985 0.04566666666666667 0.037
0 0.419 0.52825 0.03933333333333333 0.029
0 0.424 0.561875 0.04133333333333333 0.03325
0 0.426 0.4665 0.041999999999999996 0.029500000000000002
0 0.4353333333333333 0.39075 0.043333333333333335 0.033
0 0.4423333333333333 0.722375 0.044 0.035750000000000004
0 0.44966666666666666 0.688375 0.04533333333333333 0.03625
0 0.4518333333333333 0.653625 0.03766666666666667 0.03025
0 0.4543333333333333 0.62125 0.04133333333333333 0.034
0 0.45699999999999996 0.49075 0.04133333333333333 0.029500000000000002
0 0.45816666666666667 0.420875 0.041 0.029750000000000002
0 0.45899999999999996 0.521625 0.042666666666666665 0.03425
0 0.46116666666666667 0.58875 0.041 0.0325
0 0.46549999999999997 0.554 0.042333333333333334 0.032
0 0.4698333333333333 0.45437500000000003 0.043 0.03325
0 0.4835 0.711 0.047 0.035500000000000004
0 0.47983333333333333 0.396625 0.03833333333333333 0.029750000000000002
0 0.48816666666666664 0.67125 0.043666666666666666 0.035500000000000004
0 0.4948333333333333 0.504 0.041666666666666664 0.03
0 0.4955 0.633 0.04033333333333333 0.0325
0 0.49666666666666665 0.602125 0.04 0.03425
0 0.5011666666666666 0.5365 0.04766666666666666 0.0335
0 0.4963333333333333 0.42975 0.038 0.028
0 0.5001666666666666 0.57125 0.039 0.03
0 0.5096666666666666 0.46 0.038 0.031
0 0.521 0.691125 0.044 0.035750000000000004
0 0.522 0.7302500000000001 0.04133333333333333 0.033
0 0.5246666666666666 0.40325 0.044 0.033
0 0.5278333333333333 0.652875 0.043666666666666666 0.03125
0 0.5356666666666666 0.621625 0.041999999999999996 0.03375
0 0.5361666666666667 0.5856250000000001 0.043 0.03025
0 0.5356666666666666 0.49112500000000003 0.04066666666666666 0.02925
0 0.5413333333333333 0.552875 0.046 0.03425
0 0.5393333333333333 0.44125000000000003 0.038 0.03
0 0.5403333333333333 0.522 0.03866666666666667 0.029500000000000002
0 0.5565 0.70875 0.041666666666666664 0.035
0 0.5633333333333334 0.6755 0.04666666666666666 0.035
0 0.5673333333333334 0.404 0.041999999999999996 0.031
0 0.57 0.641625 0.043333333333333335 0.03325
0 0.5705 0.464125 0.043666666666666666 0.035750000000000004
0 0.5726666666666667 0.504375 0.04066666666666666 0.029750000000000002
0 0.5778333333333333 0.611125 0.043 0.03425
0 0.5788333333333333 0.57825 0.04433333333333333 0.0335
0 0.5773333333333334 0.535375 0.038 0.03075
0 0.5928333333333333 0.43375 0.04433333333333333 0.0315
0 0.6023333333333333 0.6950000000000001 0.04066666666666666 0.034
0 0.6074999999999999 0.662625 0.04433333333333333 0.03425
0 0.6116666666666667 0.630625 0.04 0.03225
0 0.6168333333333333 0.597 0.04633333333333333 0.036000000000000004
0 0.6183333333333333 0.530125 0.044 0.03275
0 0.6188333333333333 0.498125 0.041 0.029750000000000002
0 0.6204999999999999 0.467 0.041666666666666664 0.031
0 0.62 0.562625 0.04 0.03225
0 0.6445 0.68225 0.04033333333333333 0.0325
0 0.6496666666666666 0.64425 0.04066666666666666 0.033
0 0.6501666666666667 0.6118750000000001 0.039 0.03275
0 0.6575 0.511375 0.042333333333333334 0.03325
0 0.6585 0.472375 0.043 0.03375
0 0.6575 0.5806250000000001 0.039 0.03075
0 0.66 0.54225 0.03933333333333333 0.03
0 0.6859999999999999 0.6665 0.04466666666666667 0.034
0 0.6866666666666666 0.63375 0.041999999999999996 0.035
0 0.6888333333333333 0.59975 0.039 0.029500000000000002
0 0.7001666666666666 0.48875 0.04633333333333333 0.0345
0 0.6996666666666667 0.5670000000000001 0.043333333333333335 0.034
0 0.7011666666666666 0.5275 0.041666666666666664 0.029500000000000002
