0 0.32366666666666666 0.6900000000000001 0.04733333333333333 0.0335
0 0.3283333333333333 0.627125 0.04666666666666666 0.035250000000000004
0 0.32866666666666666 0.56725 0.04733333333333333 0.0345
0 0.3465 0.6587500000000001 0.049666666666666665 0.035500000000000004
0 0.3525 0.7205 0.04433333333333333 0.033
0 0.353 0.538 0.044 0.032
0 0.35633333333333334 0.59775 0.042666666666666665 0.031
0 0.3733333333333333 0.75325 0.04666666666666666 0.035
0 0.3728333333333333 0.56575 0.045 0.031
0 0.37716666666666665 0.68925 0.04766666666666666 0.036000000000000004
0 0.3783333333333333 0.62825 0.04666666666666666 0.0345
0 0.39399999999999996 0.7927500000000001 0.046 0.035
0 0.39599999999999996 0.5345 0.04133333333333333 0.031
0 0.40149999999999997 0.723125 0.050333333333333334 0.03775
0 0.4048333333333333 0.65825 0.04633333333333333 0.037
0 0.4033333333333333 0.597375 0.041999999999999996 0.03225
0 0.415 0.827875 0.051333333333333335 0.03925
0 0.415 0.504125 0.046 0.03325
0 0.421 0.757875 0.04933333333333333 0.03725
0 0.41983333333333334 0.566125 0.041 0.02925
0 0.4265 0.62825 0.04033333333333333 0.0315
0 0.4333333333333333 0.69075 0.044 0.033
0 0.44416666666666665 0.536 0.045 0.0335
0 0.44916666666666666 0.724375 0.050333333333333334 0.03725
0 0.447 0.793875 0.04466666666666667 0.03425
0 0.45349999999999996 0.598625 0.04766666666666666 0.03625
0 0.45849999999999996 0.6635 0.041666666666666664 0.0325
0 0.46366666666666667 0.82625 0.046 0.037
0 0.46449999999999997 0.564625 0.04433333333333333 0.03325
0 0.4673333333333333 0.76025 0.048666666666666664 0.0365
0 0.472 0.628625 0.04466666666666667 0.03175
0 0.4746666666666666 0.506375 0.041999999999999996 0.02875
0 0.4756666666666666 0.694625 0.043333333333333335 0.03375
0 0.49416666666666664 0.7935 0.048999999999999995 0.035500000000000004
0 0.49416666666666664 0.729 0.04433333333333333 0.037
0 0.495 0.5365 0.04 0.032
0 0.5006666666666667 0.59975 0.050666666666666665 0.036000000000000004
0 0.5033333333333333 0.661375 0.04733333333333333 0.03075
0 0.5131666666666667 0.762625 0.050333333333333334 0.03825
0 0.5146666666666666 0.827875 0.046 0.03675
0 0.5205 0.51075 0.04433333333333333 0.0315
0 0.52 0.631875 0.042666666666666665 0.03225
0 0.522 0.56575 0.044 0.0305
0 0.5266666666666666 0.695375 0.042666666666666665 0.03225
0 0.5393333333333333 0.730625 0.048666666666666664 0.03875
0 0.5408333333333333 0.7973750000000001 0.045 0.03625
0 0.5445 0.665375 0.045 0.03175
0 0.5428333333333333 0.53725 0.04033333333333333 0.031
0 0.5548333333333333 0.602 0.042333333333333334 0.032
0 0.5615 0.8396250000000001 0.050333333333333334 0.03975
0 0.5636666666666666 0.6365000000000001 0.04733333333333333 0.034
0 0.5658333333333333 0.764125 0.043 0.03375
0 0.5721666666666666 0.6975 0.04833333333333333 0.0365
0 0.571 0.563375 0.04533333333333333 0.03275
0 0.5731666666666666 0.513375 0.045 0.03625
0 0.5938333333333333 0.798875 0.043666666666666666 0.035250000000000004
0 0.596 0.665 0.04733333333333333 0.0365
0 0.6006666666666667 0.7282500000000001 0.042666666666666665 0.032
0 0.6018333333333333 0.597375 0.03966666666666666 0.02925
0 0.6106666666666667 0.76225 0.04733333333333333 0.037
0 0.607 0.5357500000000001 0.04 0.029
0 0.6116666666666667 0.629875 0.046 0.03275
0 0.6151666666666666 0.698125 0.041666666666666664 0.03275
0 0.6173333333333333 0.5685 0.03866666666666667 0.029
0 0.6216666666666667 0.8325 0.041999999999999996 0.035500000000000004
0 0.6403333333333333 0.79625 0.048666666666666664 0.038
0 0.6376666666666666 0.515375 0.04133333333333333 0.03275
0 0.6391666666666667 0.658375 0.041 0.03225
0 0.6423333333333333 0.5942500000000001 0.043333333333333335 0.033
0 0.644 0.547 0.044 0.034
0 0.6438333333333333 0.7232500000000001 0.041666666666666664 0.035
0 0.6548333333333333 0.625625 0.04033333333333333 0.03175
0 0.659 0.76075 0.042666666666666665 0.035
0 0.6616666666666666 0.690375 0.04466666666666667 0.035250000000000004
0 0.6719999999999999 0.827875 0.054 0.03825
0 0.6825 0.5665 0.043666666666666666 0.032
0 0.6829999999999999 0.600875 0.038 0.03025
0 0.6871666666666666 0.5325 0.04433333333333333 0.0345
0 0.6976666666666667 0.79425 0.04733333333333333 0.035
0 0.7038333333333333 0.72075 0.04766666666666666 0.038
0 0.7048333333333333 0.634125 0.04433333333333333 0.035250000000000004
0 0.7065 0.759125 0.045 0.035250000000000004
0 0.7043333333333333 0.667 0.04 0.0315
0 0.7236666666666667 0.555625 0.04466666666666667 0.03425
0 0.7211666666666666 0.586875 0.03833333333333333 0.03125
0 0.7303333333333333 0.6900000000000001 0.04066666666666666 0.0325
0 0.7408333333333333 0.654875 0.041666666666666664 0.03175
0 0.7454999999999999 0.7345 0.04566666666666667 0.036000000000000004
0 0.7506666666666666 0.62475 0.038 0.0305
0 0.759 0.576375 0.043333333333333335 0.03425
0 0.783 0.6755 0.049999999999999996 0.037
0 0.7835 0.71075 0.048999999999999995 0.0345
0 0.7913333333333333 0.602375 0.046 0.03675
0 0.7886666666666666 0.639625 0.04066666666666666 0.03225
