0 0.18933333333333333 0.616125 0.044 0.03625
0 0.19433333333333333 0.65375 0.052 0.042
0 0.19883333333333333 0.5645 0.056999999999999995 0.036000000000000004
0 0.22699999999999998 0.59275 0.04733333333333333 0.032
0 0.23016666666666666 0.62825 0.04566666666666667 0.0345
0 0.24216666666666667 0.67275 0.053 0.0385
0 0.257 0.535375 0.044 0.03275
0 0.26116666666666666 0.70525 0.051 0.0395
0 0.27366666666666667 0.570875 0.051333333333333335 0.03825
0 0.2723333333333333 0.605125 0.03933333333333333 0.02825
0 0.2806666666666667 0.752875 0.04733333333333333 0.03675
0 0.28583333333333333 0.641625 0.04433333333333333 0.035250000000000004
0 0.29566666666666663 0.677125 0.052 0.04025
0 0.30033333333333334 0.5165 0.04533333333333333 0.0335
0 0.30466666666666664 0.718125 0.052 0.03875
0 0.31316666666666665 0.5493750000000001 0.047 0.03375
0 0.3163333333333333 0.58925 0.051333333333333335 0.038
0 0.3228333333333333 0.772 0.053 0.038
0 0.3293333333333333 0.62675 0.051333333333333335 0.0375
0 0.33716666666666667 0.486875 0.05366666666666667 0.03875
0 0.3421666666666667 0.66225 0.043 0.035
0 0.3485 0.698875 0.05433333333333333 0.04225
0 0.35183333333333333 0.7368750000000001 0.055 0.04075
0 0.3478333333333333 0.52275 0.04566666666666667 0.033
0 0.3605 0.560625 0.043666666666666666 0.03475
0 0.37316666666666665 0.6012500000000001 0.049666666666666665 0.0395
0 0.37416666666666665 0.45637500000000003 0.045 0.03325
0 0.3753333333333333 0.7685 0.044 0.034
0 0.3778333333333333 0.639625 0.04566666666666667 0.035750000000000004
0 0.38716666666666666 0.4935 0.042333333333333334 0.032
0 0.39549999999999996 0.5315 0.047 0.0335
0 0.39749999999999996 0.718125 0.049666666666666665 0.03975
0 0.4056666666666667 0.67675 0.04933333333333333 0.035500000000000004
0 0.41833333333333333 0.426375 0.052 0.03975
0 0.42033333333333334 0.749 0.048666666666666664 0.035
0 0.41816666666666663 0.615375 0.042333333333333334 0.03325
0 0.4225 0.577875 0.04833333333333333 0.03775
0 0.42216666666666663 0.47125 0.04766666666666666 0.0365
0 0.42933333333333334 0.6505 0.04733333333333333 0.035
0 0.42983333333333335 0.50525 0.041666666666666664 0.0315
0 0.4468333333333333 0.71575 0.049666666666666665 0.0415
0 0.45999999999999996 0.599 0.04733333333333333 0.0375
0 0.46199999999999997 0.677875 0.048666666666666664 0.03875
0 0.4705 0.526375 0.050333333333333334 0.03925
0 0.4713333333333333 0.770875 0.04933333333333333 0.03725
0 0.46799999999999997 0.633 0.041999999999999996 0.0335
0 0.4715 0.45525 0.047 0.035
0 0.4715 0.49075 0.045 0.036000000000000004
0 0.4723333333333333 0.561875 0.041999999999999996 0.03275
0 0.48983333333333334 0.7388750000000001 0.04433333333333333 0.03425
0 0.49666666666666665 0.70525 0.041999999999999996 0.034
0 0.5038333333333334 0.6635 0.04633333333333333 0.035
0 0.507 0.586875 0.048666666666666664 0.03725
0 0.507 0.629125 0.046 0.03475
0 0.509 0.472375 0.042666666666666665 0.03225
0 0.5111666666666667 0.5427500000000001 0.043 0.032
0 0.5153333333333333 0.438375 0.049999999999999996 0.03625
0 0.5225 0.508375 0.045 0.03475
0 0.5263333333333333 0.767375 0.046 0.03725
0 0.5393333333333333 0.732125 0.050666666666666665 0.03475
0 0.5406666666666666 0.689625 0.048666666666666664 0.035750000000000004
0 0.5491666666666667 0.609125 0.051 0.03725
0 0.5465 0.64425 0.042333333333333334 0.0335
0 0.5569999999999999 0.45787500000000003 0.049999999999999996 0.035250000000000004
0 0.5595 0.572875 0.042333333333333334 0.03225
0 0.5651666666666666 0.5387500000000001 0.049666666666666665 0.037
0 0.5715 0.501 0.045 0.0345
0 0.5788333333333333 0.671625 0.050333333333333334 0.03825
0 0.5846666666666667 0.71625 0.048 0.038
0 0.5913333333333333 0.749375 0.048 0.03325
0 0.593 0.635375 0.04933333333333333 0.03875
0 0.596 0.59975 0.04533333333333333 0.0345
0 0.5991666666666666 0.47475 0.043666666666666666 0.0335
0 0.6018333333333333 0.5650000000000001 0.042333333333333334 0.033
0 0.609 0.5201250000000001 0.041999999999999996 0.03375
0 0.6251666666666666 0.660625 0.04433333333333333 0.035250000000000004
0 0.6298333333333334 0.70875 0.043 0.035
0 0.645 0.742375 0.050666666666666665 0.03675
0 0.644 0.590375 0.04666666666666666 0.03275
0 0.6533333333333333 0.49162500000000003 0.051333333333333335 0.03775
0 0.6543333333333333 0.531 0.05266666666666667 0.039
0 0.6658333333333333 0.638875 0.04566666666666667 0.035750000000000004
0 0.6771666666666667 0.706375 0.047 0.03225
0 0.696 0.677125 0.05266666666666667 0.035250000000000004
0 0.6986666666666667 0.554875 0.05333333333333333 0.03725
0 0.743 0.639125 0.046 0.03425
