0 0.25316666666666665 0.727125 0.04566666666666667 0.03675
0 0.27749999999999997 0.69125 0.04433333333333333 0.0315
0 0.29666666666666663 0.662625 0.04533333333333333 0.035750000000000004
0 0.2955 0.740375 0.042333333333333334 0.03075
0 0.3095 0.711875 0.045 0.035250000000000004
0 0.318 0.764125 0.04466666666666667 0.03475
0 0.33249999999999996 0.612625 0.045 0.03725
0 0.33866666666666667 0.67325 0.043333333333333335 0.0335
0 0.3398333333333333 0.7282500000000001 0.041 0.03
0 0.353 0.584125 0.03933333333333333 0.02875
0 0.35533333333333333 0.69975 0.04066666666666666 0.0245
0 0.35683333333333334 0.64075 0.03966666666666666 0.029500000000000002
0 0.3655 0.764875 0.04033333333333333 0.03425
0 0.38066666666666665 0.677125 0.04733333333333333 0.035750000000000004
0 0.38166666666666665 0.79625 0.04666666666666666 0.035
0 0.3785 0.607625 0.039 0.02925
0 0.3865 0.731 0.04033333333333333 0.0305
0 0.39699999999999996 0.6415 0.04 0.029
0 0.4066666666666667 0.70375 0.04733333333333333 0.035
0 0.4051666666666667 0.5845 0.041 0.031
0 0.4085 0.759875 0.047 0.03675
0 0.41866666666666663 0.61225 0.04 0.03
0 0.42016666666666663 0.81925 0.042333333333333334 0.0325
0 0.42366666666666664 0.67125 0.043333333333333335 0.0315
0 0.43033333333333335 0.729375 0.03933333333333333 0.029750000000000002
0 0.438 0.786875 0.046 0.03425
0 0.446 0.642375 0.043333333333333335 0.03075
0 0.447 0.586125 0.038 0.029750000000000002
0 0.45249999999999996 0.702125 0.04033333333333333 0.03125
0 0.4588333333333333 0.55675 0.04633333333333333 0.0315
0 0.46049999999999996 0.75675 0.04566666666666667 0.035500000000000004
0 0.46116666666666667 0.8153750000000001 0.045 0.03325
0 0.4676666666666667 0.672 0.04133333333333333 0.031
0 0.47783333333333333 0.616125 0.041666666666666664 0.03075
0 0.48766666666666664 0.7837500000000001 0.04733333333333333 0.0365
0 0.48766666666666664 0.5825 0.043333333333333335 0.0325
0 0.48916666666666664 0.717375 0.04433333333333333 0.03475
0 0.49033333333333334 0.64425 0.042666666666666665 0.031
0 0.5048333333333334 0.685 0.04433333333333333 0.037
0 0.5116666666666666 0.816125 0.04066666666666666 0.03175
0 0.5131666666666667 0.7508750000000001 0.041666666666666664 0.03475
0 0.5195 0.602875 0.041 0.02875
0 0.5273333333333333 0.570875 0.04466666666666667 0.03375
0 0.5315 0.7212500000000001 0.03966666666666666 0.0325
0 0.5365 0.783375 0.04766666666666666 0.03725
0 0.5371666666666667 0.634875 0.045 0.03475
0 0.5398333333333333 0.671625 0.04033333333333333 0.03275
0 0.5543333333333333 0.751 0.04466666666666667 0.036000000000000004
0 0.5543333333333333 0.700875 0.042666666666666665 0.02825
0 0.5599999999999999 0.603625 0.04466666666666667 0.03375
0 0.5695 0.8115 0.043 0.0335
0 0.572 0.571125 0.046 0.03275
0 0.581 0.65125 0.04533333333333333 0.035500000000000004
0 0.5825 0.68375 0.03966666666666666 0.0305
0 0.5918333333333333 0.77475 0.043666666666666666 0.0345
0 0.593 0.7282500000000001 0.04066666666666666 0.033
0 0.6038333333333333 0.596625 0.04433333333333333 0.03425
0 0.621 0.7025 0.04533333333333333 0.035500000000000004
0 0.6226666666666666 0.666125 0.03866666666666667 0.03125
0 0.6253333333333333 0.62625 0.042666666666666665 0.033
0 0.6315 0.751375 0.042333333333333334 0.029750000000000002
0 0.6793333333333333 0.684125 0.03933333333333333 0.03125
