0 0.30466666666666664 0.68375 0.052 0.039
0 0.309 0.611 0.050666666666666665 0.039
0 0.3225 0.647875 0.051666666666666666 0.03875
0 0.3491666666666667 0.5685 0.049666666666666665 0.0365
0 0.35983333333333334 0.62275 0.04766666666666666 0.036000000000000004
0 0.36116666666666664 0.6950000000000001 0.04433333333333333 0.033
0 0.36716666666666664 0.7302500000000001 0.045 0.039
0 0.3765 0.662625 0.051 0.03925
0 0.3875 0.59075 0.051 0.039
0 0.40499999999999997 0.763875 0.04466666666666667 0.03625
0 0.4061666666666667 0.6880000000000001 0.045 0.034
0 0.4086666666666667 0.62325 0.048666666666666664 0.037
0 0.4101666666666667 0.543125 0.04633333333333333 0.03425
0 0.4136666666666666 0.72475 0.052 0.0405
0 0.42783333333333334 0.65325 0.04566666666666667 0.033
0 0.442 0.5685 0.04466666666666667 0.032
0 0.444 0.515375 0.048 0.03125
0 0.4528333333333333 0.6863750000000001 0.048999999999999995 0.03775
0 0.45349999999999996 0.603625 0.047 0.03675
0 0.451 0.7475 0.038 0.0325
0 0.4723333333333333 0.77825 0.04933333333333333 0.035500000000000004
0 0.475 0.7196250000000001 0.052 0.04025
0 0.4741666666666666 0.6505 0.04766666666666666 0.036000000000000004
0 0.4731666666666666 0.543875 0.043666666666666666 0.03275
0 0.48666666666666664 0.581375 0.044 0.03375
0 0.4963333333333333 0.750125 0.042666666666666665 0.03475
0 0.5013333333333333 0.679 0.04666666666666666 0.035500000000000004
0 0.5055 0.51575 0.048999999999999995 0.038
0 0.5111666666666667 0.60875 0.042333333333333334 0.0335
0 0.5178333333333334 0.776375 0.043 0.03125
0 0.5226666666666666 0.645875 0.043333333333333335 0.03275
0 0.5241666666666667 0.71375 0.041 0.033
0 0.5273333333333333 0.54425 0.04133333333333333 0.03
0 0.5345 0.577875 0.047 0.035750000000000004
0 0.5429999999999999 0.745125 0.048666666666666664 0.03675
0 0.5501666666666667 0.680125 0.04633333333333333 0.03425
0 0.5528333333333333 0.620125 0.04566666666666667 0.035250000000000004
0 0.5606666666666666 0.5161250000000001 0.046 0.03475
0 0.5668333333333333 0.713 0.05233333333333333 0.035500000000000004
0 0.569 0.783 0.04133333333333333 0.032
0 0.5695 0.6505 0.041666666666666664 0.0315
0 0.571 0.5505 0.041999999999999996 0.0335
0 0.5846666666666667 0.586125 0.043333333333333335 0.029750000000000002
0 0.5903333333333333 0.750625 0.042666666666666665 0.03175
0 0.5965 0.62275 0.047 0.037
0 0.6023333333333333 0.6885 0.044 0.029500000000000002
0 0.6048333333333333 0.503625 0.04633333333333333 0.03625
0 0.6111666666666666 0.7212500000000001 0.04766666666666666 0.037
0 0.6121666666666666 0.654875 0.04633333333333333 0.03425
0 0.6101666666666666 0.56275 0.041666666666666664 0.0345
0 0.6288333333333334 0.59475 0.04766666666666666 0.036000000000000004
0 0.6386666666666666 0.5317500000000001 0.046 0.0335
0 0.6423333333333333 0.628625 0.04533333333333333 0.03375
0 0.6448333333333333 0.74275 0.041666666666666664 0.031
0 0.659 0.56225 0.046 0.0345
0 0.6573333333333333 0.663125 0.041999999999999996 0.03475
0 0.6585 0.706 0.041666666666666664 0.0335
0 0.6761666666666667 0.592375 0.041666666666666664 0.03025
0 0.6871666666666666 0.623625 0.047 0.03325
0 0.6913333333333334 0.729 0.03933333333333333 0.029500000000000002
0 0.7043333333333333 0.660375 0.049999999999999996 0.03725
0 0.7073333333333333 0.6955 0.043333333333333335 0.0335
