0 0.3441666666666667 0.664125 0.043666666666666666 0.03225
0 0.3545 0.74625 0.03766666666666667 0.029500000000000002
0 0.35483333333333333 0.697375 0.037 0.02925
0 0.3805 0.65525 0.03233333333333333 0.0275
0 0.3923333333333333 0.7146250000000001 0.044 0.03125
0 0.38866666666666666 0.6205 0.035333333333333335 0.032
0 0.39399999999999996 0.6845 0.04133333333333333 0.032
0 0.3933333333333333 0.563125 0.038 0.029750000000000002
0 0.3978333333333333 0.75875 0.03833333333333333 0.029500000000000002
0 0.41733333333333333 0.5896250000000001 0.03933333333333333 0.02875
0 0.432 0.56425 0.036 0.027
0 0.4398333333333333 0.617 0.03966666666666666 0.0285
0 0.441 0.6525 0.04 0.03
0 0.4448333333333333 0.706 0.042333333333333334 0.0305
0 0.4495 0.538 0.041666666666666664 0.031
0 0.4543333333333333 0.783375 0.043333333333333335 0.03425
0 0.45816666666666667 0.74275 0.041 0.029500000000000002
0 0.4558333333333333 0.5845 0.034999999999999996 0.028
0 0.4718333333333333 0.681 0.042333333333333334 0.032
0 0.477 0.6168750000000001 0.043333333333333335 0.02925
0 0.48033333333333333 0.501 0.04066666666666666 0.031
0 0.4865 0.646625 0.039 0.02925
0 0.48683333333333334 0.566125 0.039 0.02825
0 0.48883333333333334 0.53525 0.036333333333333336 0.0265
0 0.49316666666666664 0.71025 0.042333333333333334 0.0345
0 0.4958333333333333 0.782625 0.03833333333333333 0.03125
0 0.5001666666666666 0.591875 0.037 0.02725
0 0.5126666666666666 0.6775 0.043333333333333335 0.0345
0 0.5126666666666666 0.742625 0.041999999999999996 0.03025
0 0.5185 0.51575 0.03966666666666666 0.029500000000000002
0 0.5231666666666667 0.616125 0.036333333333333336 0.029750000000000002
0 0.5251666666666667 0.5700000000000001 0.039 0.029
0 0.5346666666666666 0.7115 0.041999999999999996 0.0305
0 0.5356666666666666 0.769625 0.036 0.029750000000000002
0 0.5408333333333333 0.5435 0.03766666666666667 0.027
0 0.5448333333333333 0.64625 0.03766666666666667 0.0285
0 0.5543333333333333 0.67825 0.04066666666666666 0.031
0 0.5558333333333333 0.73725 0.043 0.0325
0 0.5543333333333333 0.591125 0.036 0.02675
0 0.5673333333333334 0.505625 0.03866666666666667 0.02825
0 0.5705 0.561875 0.04033333333333333 0.03125
0 0.5741666666666666 0.70675 0.043 0.0315
0 0.5803333333333334 0.5345 0.04133333333333333 0.03
0 0.5818333333333333 0.763375 0.039 0.02825
0 0.5803333333333334 0.615 0.035333333333333335 0.028
0 0.5861666666666666 0.643875 0.03833333333333333 0.02875
0 0.5943333333333333 0.58725 0.04066666666666666 0.0305
0 0.5955 0.735375 0.041666666666666664 0.03375
0 0.6068333333333333 0.67125 0.041666666666666664 0.0315
0 0.609 0.560375 0.04 0.03075
0 0.6178333333333333 0.611375 0.03766666666666667 0.02875
0 0.6204999999999999 0.528625 0.03966666666666666 0.03175
0 0.6231666666666666 0.766875 0.037 0.029750000000000002
0 0.623 0.70325 0.035333333333333335 0.0285
0 0.6278333333333334 0.64625 0.037 0.029
0 0.6418333333333334 0.592375 0.041 0.02675
0 0.6423333333333333 0.7352500000000001 0.04 0.0315
0 0.6455 0.678625 0.041666666666666664 0.03125
0 0.6555 0.6188750000000001 0.036333333333333336 0.02725
0 0.6601666666666667 0.572375 0.03766666666666667 0.02875
0 0.6621666666666667 0.540375 0.041666666666666664 0.02925
0 0.6628333333333333 0.6501250000000001 0.041666666666666664 0.03275
0 0.6626666666666666 0.709875 0.03666666666666667 0.03125
0 0.6841666666666666 0.738375 0.035666666666666666 0.02775
0 0.6866666666666666 0.597375 0.03866666666666667 0.02625
0 0.6908333333333333 0.678625 0.037 0.029750000000000002
0 0.6923333333333334 0.628625 0.03866666666666667 0.02925
0 0.7058333333333333 0.7056250000000001 0.03766666666666667 0.02825
0 0.7085 0.57275 0.03966666666666666 0.031
0 0.7126666666666667 0.6541250000000001 0.03733333333333333 0.02675
0 0.7261666666666666 0.606 0.042333333333333334 0.0285
0 0.7371666666666666 0.690375 0.043 0.03075
