0 0.23866666666666667 0.772375 0.044 0.03725
0 0.258 0.806 0.04533333333333333 0.035
0 0.2615 0.731 0.04033333333333333 0.033
0 0.2813333333333333 0.70375 0.04066666666666666 0.031
0 0.29316666666666663 0.76575 0.04433333333333333 0.032
0 0.29416666666666663 0.671625 0.036333333333333336 0.02925
0 0.3025 0.7348750000000001 0.04433333333333333 0.035750000000000004
0 0.30816666666666664 0.802875 0.04566666666666667 0.03625
0 0.31066666666666665 0.840375 0.046 0.035750000000000004
0 0.32016666666666665 0.649 0.045 0.031
0 0.3223333333333333 0.690875 0.04 0.03025
0 0.33716666666666667 0.764625 0.04433333333333333 0.03325
0 0.34933333333333333 0.725875 0.043333333333333335 0.03225
0 0.3501666666666667 0.6208750000000001 0.041666666666666664 0.03125
0 0.35183333333333333 0.670875 0.041 0.029750000000000002
0 0.3675 0.579875 0.045 0.03275
0 0.3685 0.841125 0.041666666666666664 0.03225
0 0.37083333333333335 0.80525 0.03966666666666666 0.0335
0 0.376 0.70375 0.042666666666666665 0.0315
0 0.3805 0.6435 0.03833333333333333 0.0285
0 0.39349999999999996 0.77675 0.041666666666666664 0.032
0 0.39416666666666667 0.744375 0.043 0.03275
0 0.39516666666666667 0.66925 0.041666666666666664 0.032
0 0.3963333333333333 0.606 0.03866666666666667 0.0285
0 0.41533333333333333 0.80675 0.036 0.0305
0 0.4185 0.565375 0.03833333333333333 0.02775
0 0.42833333333333334 0.84275 0.04533333333333333 0.0345
0 0.42583333333333334 0.628625 0.039 0.03025
0 0.4265 0.6990000000000001 0.03833333333333333 0.031
0 0.44316666666666665 0.772 0.041666666666666664 0.0335
0 0.4478333333333333 0.673625 0.042333333333333334 0.03225
0 0.447 0.6032500000000001 0.04 0.0285
0 0.45566666666666666 0.5735 0.04 0.029500000000000002
0 0.45716666666666667 0.724375 0.039 0.03025
0 0.4705 0.8326250000000001 0.036333333333333336 0.03175
0 0.4745 0.79425 0.043666666666666666 0.033
0 0.47433333333333333 0.62975 0.041999999999999996 0.034
0 0.4765 0.695125 0.041 0.02775
0 0.47916666666666663 0.751 0.042333333333333334 0.0345
0 0.5013333333333333 0.672 0.041999999999999996 0.0305
0 0.5006666666666667 0.59975 0.03666666666666667 0.0325
0 0.507 0.72475 0.041999999999999996 0.0325
0 0.5126666666666666 0.80525 0.04066666666666666 0.032
0 0.5163333333333333 0.62475 0.03933333333333333 0.029
0 0.5241666666666667 0.695125 0.04033333333333333 0.03075
0 0.5278333333333333 0.84975 0.04566666666666667 0.035500000000000004
0 0.5236666666666666 0.570375 0.03733333333333333 0.02675
0 0.5386666666666666 0.593875 0.036 0.02775
0 0.5391666666666667 0.74425 0.036333333333333336 0.0285
0 0.5435 0.65325 0.043666666666666666 0.032
0 0.5516666666666666 0.7731250000000001 0.035333333333333335 0.02925
0 0.5553333333333333 0.718125 0.03733333333333333 0.02725
0 0.5586666666666666 0.8113750000000001 0.03866666666666667 0.03275
0 0.5599999999999999 0.5665 0.03933333333333333 0.0275
0 0.5621666666666667 0.6773750000000001 0.03833333333333333 0.02925
0 0.5646666666666667 0.624 0.038 0.029500000000000002
0 0.5776666666666667 0.75125 0.044 0.035500000000000004
0 0.5788333333333333 0.592375 0.039 0.029750000000000002
0 0.5901666666666666 0.784875 0.04433333333333333 0.03475
0 0.5913333333333333 0.648625 0.04066666666666666 0.03125
0 0.5938333333333333 0.7036250000000001 0.03966666666666666 0.02875
0 0.608 0.615375 0.04133333333333333 0.03025
0 0.6136666666666667 0.725125 0.038 0.02875
0 0.619 0.823125 0.03733333333333333 0.03175
0 0.6246666666666666 0.6595 0.035333333333333335 0.026000000000000002
0 0.6355 0.7895 0.03966666666666666 0.029
0 0.6413333333333333 0.694625 0.04 0.03225
0 0.6548333333333333 0.629375 0.036333333333333336 0.02525
0 0.659 0.82325 0.03866666666666667 0.032
