0 0.2728333333333333 0.70325 0.04433333333333333 0.0325
0 0.28983333333333333 0.806 0.04566666666666667 0.037
0 0.29466666666666663 0.768 0.046 0.037
0 0.302 0.675875 0.048666666666666664 0.03375
0 0.30383333333333334 0.7282500000000001 0.043666666666666666 0.035500000000000004
0 0.32316666666666666 0.84575 0.048999999999999995 0.0395
0 0.32616666666666666 0.635 0.043 0.0345
0 0.33149999999999996 0.807625 0.04033333333333333 0.03475
0 0.33499999999999996 0.70525 0.04666666666666666 0.038
0 0.3445 0.5935 0.043666666666666666 0.032
0 0.3473333333333333 0.761125 0.048 0.03675
0 0.35983333333333334 0.655625 0.04633333333333333 0.03325
0 0.3635 0.625125 0.03833333333333333 0.03225
0 0.3685 0.72875 0.04566666666666667 0.0365
0 0.372 0.870125 0.04133333333333333 0.03375
0 0.3788333333333333 0.8326250000000001 0.041 0.03225
0 0.389 0.690875 0.049999999999999996 0.03425
0 0.388 0.58725 0.04533333333333333 0.0345
0 0.38866666666666666 0.78725 0.044 0.0315
0 0.4048333333333333 0.62125 0.043 0.0335
0 0.4066666666666667 0.663125 0.04133333333333333 0.03125
0 0.4098333333333333 0.7205 0.04633333333333333 0.035500000000000004
0 0.41733333333333333 0.758 0.04533333333333333 0.035500000000000004
0 0.42883333333333334 0.865375 0.049666666666666665 0.03775
0 0.426 0.82325 0.042666666666666665 0.0325
0 0.43866666666666665 0.789625 0.052 0.03625
0 0.43666666666666665 0.563125 0.04733333333333333 0.035250000000000004
0 0.445 0.679125 0.044 0.03125
0 0.4495 0.601375 0.045 0.03275
0 0.4523333333333333 0.6395000000000001 0.046 0.036000000000000004
0 0.46166666666666667 0.75875 0.048 0.038
0 0.4746666666666666 0.713 0.04133333333333333 0.0335
0 0.4761666666666666 0.866125 0.04433333333333333 0.03025
0 0.47883333333333333 0.572375 0.045 0.03375
0 0.48066666666666663 0.802125 0.04 0.03225
0 0.4955 0.6665 0.043 0.033
0 0.49666666666666665 0.630125 0.04066666666666666 0.03125
0 0.505 0.771625 0.048666666666666664 0.03825
0 0.5205 0.7325 0.047 0.038
0 0.5225 0.697375 0.04433333333333333 0.03275
0 0.5236666666666666 0.604 0.042666666666666665 0.032
0 0.5278333333333333 0.5720000000000001 0.042333333333333334 0.0325
0 0.5335 0.8005 0.050333333333333334 0.035500000000000004
0 0.5465 0.6637500000000001 0.04766666666666666 0.036000000000000004
0 0.5479999999999999 0.863 0.04933333333333333 0.037
0 0.5548333333333333 0.627125 0.049666666666666665 0.035750000000000004
0 0.5553333333333333 0.76 0.04133333333333333 0.033
0 0.5751666666666666 0.727125 0.04633333333333333 0.03625
0 0.5798333333333333 0.590375 0.045 0.03375
0 0.5906666666666667 0.693125 0.04733333333333333 0.035250000000000004
0 0.5938333333333333 0.656375 0.04633333333333333 0.035750000000000004
0 0.596 0.852125 0.04533333333333333 0.035750000000000004
0 0.6043333333333333 0.7771250000000001 0.04066666666666666 0.03175
0 0.6126666666666667 0.6185 0.04133333333333333 0.0305
0 0.621 0.72 0.046 0.036000000000000004
0 0.6398333333333334 0.676625 0.04033333333333333 0.03175
0 0.6403333333333333 0.755125 0.04066666666666666 0.03225
0 0.6455 0.646625 0.043 0.03325
0 0.6503333333333333 0.8115 0.042666666666666665 0.0335
0 0.6788333333333333 0.7801250000000001 0.04633333333333333 0.03625
0 0.6778333333333333 0.732125 0.042333333333333334 0.03375
0 0.6913333333333334 0.699375 0.03933333333333333 0.03225
0 0.7033333333333333 0.668875 0.04533333333333333 0.03425
0 0.7143333333333333 0.756375 0.04066666666666666 0.03075
0 0.7396666666666667 0.72675 0.04933333333333333 0.0365
0 0.7428333333333333 0.69075 0.043666666666666666 0.0325
