0 0.24783333333333332 0.730125 0.04566666666666667 0.035250000000000004
0 0.254 0.69475 0.04 0.0325
0 0.27616666666666667 0.77 0.04766666666666666 0.035
0 0.29233333333333333 0.738 0.04466666666666667 0.033
0 0.293 0.673625 0.04466666666666667 0.03425
0 0.29483333333333334 0.70325 0.045 0.031
0 0.3015 0.7997500000000001 0.04433333333333333 0.0335
0 0.31016666666666665 0.838875 0.043666666666666666 0.03425
0 0.32266666666666666 0.767375 0.04466666666666667 0.03475
0 0.32266666666666666 0.622375 0.043333333333333335 0.03425
0 0.3323333333333333 0.66025 0.03733333333333333 0.029500000000000002
0 0.3403333333333333 0.735 0.048 0.0365
0 0.33899999999999997 0.6915 0.04 0.0305
0 0.3501666666666667 0.852125 0.04633333333333333 0.035750000000000004
0 0.35433333333333333 0.816125 0.04466666666666667 0.03675
0 0.3595 0.6052500000000001 0.045 0.033
0 0.36766666666666664 0.646625 0.04066666666666666 0.03025
0 0.37116666666666664 0.7795 0.045 0.036000000000000004
0 0.377 0.709875 0.042666666666666665 0.03325
0 0.383 0.74475 0.04466666666666667 0.034
0 0.3868333333333333 0.6795 0.03966666666666666 0.03
0 0.3913333333333333 0.8685 0.043333333333333335 0.0335
0 0.3943333333333333 0.8326250000000001 0.042666666666666665 0.03475
0 0.4041666666666667 0.59275 0.045 0.0345
0 0.4051666666666667 0.797875 0.04433333333333333 0.03475
0 0.4048333333333333 0.62825 0.043 0.0315
0 0.41816666666666663 0.723125 0.04633333333333333 0.03425
0 0.42533333333333334 0.762625 0.04466666666666667 0.03725
0 0.42333333333333334 0.69075 0.04 0.0305
0 0.42583333333333334 0.65725 0.043666666666666666 0.0335
0 0.428 0.889625 0.04733333333333333 0.04025
0 0.43566666666666665 0.84975 0.04466666666666667 0.0335
0 0.446 0.8153750000000001 0.04666666666666666 0.03675
0 0.4445 0.577875 0.041666666666666664 0.03275
0 0.45466666666666666 0.608375 0.04066666666666666 0.03175
0 0.45966666666666667 0.706875 0.04066666666666666 0.03225
0 0.45916666666666667 0.67475 0.039 0.0305
0 0.46299999999999997 0.7837500000000001 0.046 0.0365
0 0.46366666666666667 0.745375 0.04133333333333333 0.03225
0 0.46599999999999997 0.639125 0.04 0.03225
0 0.4701666666666667 0.874 0.04433333333333333 0.033
0 0.48533333333333334 0.83725 0.04133333333333333 0.037
0 0.487 0.562625 0.04133333333333333 0.03325
0 0.49183333333333334 0.594625 0.043666666666666666 0.03125
0 0.5043333333333333 0.75875 0.044 0.035500000000000004
0 0.5058333333333334 0.79425 0.047 0.036000000000000004
0 0.5033333333333333 0.72475 0.04066666666666666 0.0315
0 0.5043333333333333 0.6935 0.041999999999999996 0.034
0 0.5095 0.659125 0.04433333333333333 0.03425
0 0.5091666666666667 0.623625 0.042333333333333334 0.03225
0 0.5298333333333333 0.858375 0.041 0.03175
0 0.5293333333333333 0.568875 0.038 0.02825
0 0.5381666666666667 0.597375 0.03966666666666666 0.029750000000000002
0 0.5413333333333333 0.71025 0.042666666666666665 0.0335
0 0.5455 0.7438750000000001 0.04566666666666667 0.03425
0 0.5455 0.777875 0.043 0.03125
0 0.5485 0.81075 0.041 0.033
0 0.5496666666666666 0.677125 0.043333333333333335 0.03475
0 0.5528333333333333 0.627125 0.04033333333333333 0.03075
0 0.5763333333333334 0.575125 0.04533333333333333 0.03375
0 0.5776666666666667 0.8396250000000001 0.04733333333333333 0.03825
0 0.5788333333333333 0.722375 0.041 0.03475
0 0.5793333333333334 0.610625 0.04 0.03025
0 0.5908333333333333 0.754375 0.041666666666666664 0.03175
0 0.5908333333333333 0.673625 0.03966666666666666 0.03125
0 0.5976666666666667 0.640375 0.042666666666666665 0.03325
0 0.6028333333333333 0.80375 0.041 0.0315
0 0.6178333333333333 0.7075 0.04433333333333333 0.0345
0 0.6193333333333333 0.583375 0.04 0.02875
0 0.6251666666666666 0.77 0.045 0.035500000000000004
0 0.6315 0.738375 0.04033333333333333 0.03175
0 0.6318333333333334 0.667375 0.03966666666666666 0.03025
0 0.6341666666666667 0.823125 0.043666666666666666 0.03225
0 0.6391666666666667 0.63175 0.03966666666666666 0.0285
0 0.6638333333333333 0.688875 0.045 0.03425
0 0.6616666666666666 0.795 0.03866666666666667 0.0325
0 0.6695 0.7232500000000001 0.04766666666666666 0.035
0 0.6699999999999999 0.75875 0.04 0.03
0 0.7096666666666667 0.715 0.044 0.033
0 0.7428333333333333 0.783375 0.043 0.029750000000000002
