0 0.29133333333333333 0.722 0.04533333333333333 0.0365
0 0.316 0.692625 0.041999999999999996 0.03325
0 0.3275 0.660625 0.04433333333333333 0.03425
0 0.32916666666666666 0.751625 0.041 0.03475
0 0.34349999999999997 0.6275000000000001 0.045 0.0325
0 0.352 0.789625 0.05333333333333333 0.03775
0 0.355 0.721625 0.048 0.03725
0 0.35716666666666663 0.68725 0.04566666666666667 0.0325
0 0.363 0.5962500000000001 0.043333333333333335 0.033
0 0.3718333333333333 0.752125 0.043 0.035750000000000004
0 0.37466666666666665 0.652875 0.04666666666666666 0.035250000000000004
0 0.375 0.567375 0.042666666666666665 0.03025
0 0.389 0.814625 0.051333333333333335 0.035250000000000004
0 0.39816666666666667 0.724375 0.045 0.03325
0 0.4048333333333333 0.62475 0.04566666666666667 0.0325
0 0.4043333333333333 0.6920000000000001 0.043333333333333335 0.0345
0 0.4061666666666667 0.783 0.04433333333333333 0.034
0 0.4125 0.5525 0.04633333333333333 0.036000000000000004
0 0.41483333333333333 0.5916250000000001 0.045 0.03475
0 0.421 0.65525 0.043333333333333335 0.033
0 0.42216666666666663 0.833375 0.04433333333333333 0.03625
0 0.4315 0.753625 0.042333333333333334 0.03475
0 0.4435 0.7192500000000001 0.045 0.038
0 0.45016666666666666 0.807625 0.043 0.03425
0 0.4508333333333333 0.6165 0.043666666666666666 0.0335
0 0.4538333333333333 0.6825 0.04766666666666666 0.037
0 0.45866666666666667 0.583 0.04666666666666666 0.036000000000000004
0 0.45916666666666667 0.5473750000000001 0.04766666666666666 0.03625
0 0.4673333333333333 0.64825 0.046 0.035
0 0.4693333333333333 0.77275 0.049999999999999996 0.0385
0 0.4761666666666666 0.83575 0.03833333333333333 0.0315
0 0.481 0.739625 0.04066666666666666 0.03175
0 0.493 0.704875 0.041999999999999996 0.03275
0 0.4945 0.802125 0.045 0.035750000000000004
0 0.49816666666666665 0.603625 0.04433333333333333 0.03425
0 0.5028333333333334 0.863125 0.045 0.03275
0 0.5033333333333333 0.671625 0.04466666666666667 0.03225
0 0.5038333333333334 0.53025 0.043666666666666666 0.0315
0 0.506 0.565375 0.043333333333333335 0.03375
0 0.5128333333333334 0.764625 0.050333333333333334 0.03825
0 0.5111666666666667 0.64 0.04433333333333333 0.0345
0 0.5215 0.8295 0.041666666666666664 0.032
0 0.5251666666666667 0.731375 0.047 0.03475
0 0.5345 0.69775 0.04833333333333333 0.0375
0 0.5371666666666667 0.796625 0.04766666666666666 0.03925
0 0.5428333333333333 0.6595 0.043 0.0345
0 0.5465 0.54 0.047 0.0345
0 0.5496666666666666 0.615 0.04666666666666666 0.035500000000000004
0 0.5523333333333333 0.578375 0.04666666666666666 0.03625
0 0.5545 0.8552500000000001 0.043666666666666666 0.0325
0 0.5533333333333333 0.7545000000000001 0.04 0.0375
0 0.5631666666666666 0.826375 0.043 0.035250000000000004
0 0.5756666666666667 0.6775 0.04666666666666666 0.037
0 0.5778333333333333 0.7165 0.04566666666666667 0.0365
0 0.5891666666666666 0.63175 0.04766666666666666 0.037
0 0.5861666666666666 0.786 0.041666666666666664 0.0315
0 0.5945 0.5271250000000001 0.049666666666666665 0.03825
0 0.5933333333333333 0.561875 0.046 0.035250000000000004
0 0.5913333333333333 0.595 0.04066666666666666 0.032
0 0.5966666666666667 0.7525000000000001 0.04733333333333333 0.0375
0 0.5991666666666666 0.851375 0.051 0.03825
0 0.6116666666666667 0.81225 0.04666666666666666 0.0365
0 0.621 0.7075 0.04733333333333333 0.0385
0 0.6276666666666666 0.6635 0.04466666666666667 0.035
0 0.6288333333333334 0.7775 0.04633333333333333 0.035
0 0.6355 0.58175 0.04566666666666667 0.0345
0 0.6361666666666667 0.617 0.045 0.034
0 0.6371666666666667 0.54425 0.041 0.0315
0 0.6445 0.7455 0.050333333333333334 0.038
0 0.6538333333333333 0.8286250000000001 0.04433333333333333 0.03225
0 0.6688333333333333 0.71425 0.04633333333333333 0.035
0 0.6689999999999999 0.7997500000000001 0.04533333333333333 0.0335
0 0.6695 0.6793750000000001 0.043666666666666666 0.03425
0 0.6746666666666666 0.643875 0.04733333333333333 0.03725
0 0.6751666666666667 0.595 0.047 0.0385
0 0.6835 0.765 0.047 0.035
0 0.6896666666666667 0.547875 0.05533333333333333 0.03725
0 0.7085 0.734625 0.045 0.035250000000000004
0 0.718 0.78925 0.050666666666666665 0.0365
0 0.7158333333333333 0.700125 0.04566666666666667 0.03475
0 0.7163333333333333 0.6657500000000001 0.044 0.035
0 0.7246666666666667 0.626625 0.048 0.03775
0 0.7403333333333333 0.759125 0.048666666666666664 0.03925
0 0.7611666666666667 0.7166250000000001 0.049666666666666665 0.03925
0 0.7616666666666666 0.68175 0.043333333333333335 0.0315
0 0.7815 0.6501250000000001 0.04633333333333333 0.03225
