0 0.31016666666666665 0.7056250000000001 0.04566666666666667 0.035250000000000004
0 0.33766666666666667 0.67475 0.043333333333333335 0.033
0 0.3506666666666667 0.642 0.04533333333333333 0.0335
0 0.3496666666666667 0.73575 0.041999999999999996 0.031
0 0.36316666666666664 0.609125 0.041666666666666664 0.03425
0 0.37133333333333335 0.772875 0.052 0.04075
0 0.377 0.702375 0.04933333333333333 0.03625
0 0.3773333333333333 0.6705 0.04533333333333333 0.0335
0 0.38666666666666666 0.5755 0.04666666666666666 0.0345
0 0.3928333333333333 0.735375 0.04633333333333333 0.035250000000000004
0 0.39549999999999996 0.6345000000000001 0.04766666666666666 0.0365
0 0.39716666666666667 0.546625 0.04433333333333333 0.03325
0 0.4086666666666667 0.799 0.046 0.035500000000000004
0 0.42083333333333334 0.70725 0.043 0.035
0 0.42616666666666664 0.6052500000000001 0.04633333333333333 0.0335
0 0.42716666666666664 0.673625 0.04766666666666666 0.03625
0 0.4275 0.76725 0.043666666666666666 0.033
0 0.4378333333333333 0.5720000000000001 0.04833333333333333 0.038
0 0.438 0.531 0.044 0.0345
0 0.44366666666666665 0.638375 0.048 0.035250000000000004
0 0.4443333333333333 0.8185 0.04733333333333333 0.0375
0 0.4548333333333333 0.738375 0.043666666666666666 0.03425
0 0.46849999999999997 0.702875 0.04566666666666667 0.03625
0 0.4721666666666666 0.791125 0.042333333333333334 0.03375
0 0.477 0.6645 0.04933333333333333 0.0375
0 0.4746666666666666 0.597375 0.043333333333333335 0.03375
0 0.48566666666666664 0.526625 0.05266666666666667 0.035750000000000004
0 0.48433333333333334 0.5630000000000001 0.04533333333333333 0.034
0 0.49133333333333334 0.7575000000000001 0.048666666666666664 0.0375
0 0.49183333333333334 0.630125 0.043666666666666666 0.03375
0 0.4988333333333333 0.820875 0.041 0.03425
0 0.5048333333333334 0.7235 0.047 0.0335
0 0.5188333333333334 0.6885 0.043666666666666666 0.034
0 0.5188333333333334 0.788375 0.041 0.03325
0 0.5226666666666666 0.585375 0.04666666666666666 0.035250000000000004
0 0.5251666666666667 0.849 0.04433333333333333 0.0345
0 0.5278333333333333 0.51025 0.04633333333333333 0.0345
0 0.5278333333333333 0.6541250000000001 0.04566666666666667 0.03275
0 0.5298333333333333 0.545375 0.041666666666666664 0.03275
0 0.5355 0.622 0.04566666666666667 0.0345
0 0.5376666666666666 0.7505000000000001 0.048666666666666664 0.0385
0 0.5449999999999999 0.8153750000000001 0.04666666666666666 0.03425
0 0.5511666666666667 0.7146250000000001 0.04766666666666666 0.03675
0 0.5616666666666666 0.7817500000000001 0.048666666666666664 0.042
0 0.5616666666666666 0.68175 0.048 0.037
0 0.5678333333333333 0.640875 0.041 0.03625
0 0.574 0.520875 0.04933333333333333 0.03675
0 0.5761666666666666 0.597 0.04766666666666666 0.0375
0 0.5773333333333334 0.559125 0.04933333333333333 0.03675
0 0.5778333333333333 0.842 0.045 0.034
0 0.5793333333333334 0.73925 0.042666666666666665 0.0385
0 0.5876666666666667 0.8113750000000001 0.043333333333333335 0.03425
0 0.6018333333333333 0.66 0.049666666666666665 0.0395
0 0.6043333333333333 0.701375 0.04733333333333333 0.03825
0 0.6101666666666666 0.771625 0.045 0.03625
0 0.6173333333333333 0.61375 0.048666666666666664 0.0375
0 0.6214999999999999 0.505125 0.051666666666666666 0.03925
0 0.6214999999999999 0.736125 0.04766666666666666 0.03925
0 0.6204999999999999 0.57675 0.043 0.0335
0 0.6226666666666666 0.542625 0.04666666666666666 0.035250000000000004
0 0.6251666666666666 0.838125 0.051 0.03775
0 0.6371666666666667 0.7973750000000001 0.04833333333333333 0.03675
0 0.6496666666666666 0.690875 0.048666666666666664 0.03775
0 0.6573333333333333 0.76375 0.04733333333333333 0.035500000000000004
0 0.6565 0.646625 0.045 0.03475
0 0.6621666666666667 0.563375 0.050333333333333334 0.03675
0 0.6631666666666667 0.6005 0.04833333333333333 0.035
0 0.6643333333333333 0.526 0.044 0.034
0 0.6721666666666667 0.729875 0.051 0.03925
0 0.6788333333333333 0.8153750000000001 0.043666666666666666 0.03325
0 0.6955 0.785 0.04833333333333333 0.039
0 0.6955 0.70025 0.04766666666666666 0.035500000000000004
0 0.6971666666666666 0.663875 0.045 0.03625
0 0.7038333333333333 0.627 0.047 0.0415
0 0.707 0.577875 0.04733333333333333 0.03675
0 0.7111666666666666 0.752125 0.04566666666666667 0.03625
0 0.721 0.529 0.056 0.041
0 0.7381666666666666 0.7196250000000001 0.047 0.035250000000000004
0 0.745 0.77675 0.05333333333333333 0.038
0 0.7448333333333333 0.6853750000000001 0.045 0.03375
0 0.7454999999999999 0.651375 0.045 0.035250000000000004
0 0.7548333333333334 0.6098750000000001 0.04833333333333333 0.03825
0 0.7695 0.744625 0.049666666666666665 0.03925
0 0.7923333333333333 0.7025 0.04933333333333333 0.0375
0 0.7929999999999999 0.6665 0.046 0.034
0 0.8121666666666666 0.636125 0.04766666666666666 0.035750000000000004
