0 0.2796666666666667 0.625125 0.04733333333333333 0.03375
0 0.301 0.595375 0.042666666666666665 0.03275
0 0.31033333333333335 0.5583750000000001 0.043333333333333335 0.03175
0 0.3205 0.520875 0.042333333333333334 0.03275
0 0.32966666666666666 0.6525 0.043333333333333335 0.0335
0 0.33816666666666667 0.47475 0.04433333333333333 0.035
0 0.3411666666666667 0.58225 0.043666666666666666 0.0325
0 0.3433333333333333 0.616125 0.046 0.035750000000000004
0 0.3446666666666667 0.445 0.04533333333333333 0.032
0 0.35616666666666663 0.6880000000000001 0.051 0.0395
0 0.358 0.545125 0.04666666666666666 0.035250000000000004
0 0.3733333333333333 0.642 0.04533333333333333 0.034
0 0.3848333333333333 0.420875 0.045 0.03325
0 0.3845 0.502875 0.043666666666666666 0.03275
0 0.38716666666666666 0.60675 0.041666666666666664 0.032
0 0.3888333333333333 0.573125 0.043666666666666666 0.03225
0 0.39166666666666666 0.46900000000000003 0.046 0.0345
0 0.40099999999999997 0.7056250000000001 0.04733333333333333 0.03625
0 0.40399999999999997 0.534875 0.04466666666666667 0.03325
0 0.4111666666666667 0.670875 0.043666666666666666 0.03425
0 0.42466666666666664 0.636875 0.042666666666666665 0.03275
0 0.42933333333333334 0.407125 0.04933333333333333 0.03625
0 0.431 0.44975 0.048666666666666664 0.035500000000000004
0 0.4365 0.727 0.049666666666666665 0.0365
0 0.43516666666666665 0.601 0.04566666666666667 0.0335
0 0.43516666666666665 0.48525 0.045 0.0315
0 0.44066666666666665 0.559125 0.046 0.035250000000000004
0 0.45299999999999996 0.5181250000000001 0.041999999999999996 0.03225
0 0.45766666666666667 0.696625 0.044 0.03475
0 0.46316666666666667 0.654 0.047 0.037
0 0.4691666666666667 0.3845 0.048999999999999995 0.0405
0 0.4736666666666666 0.6185 0.04133333333333333 0.0315
0 0.47816666666666663 0.468125 0.04433333333333333 0.03175
0 0.4795 0.424375 0.043666666666666666 0.03275
0 0.47916666666666663 0.5826250000000001 0.04033333333333333 0.03075
0 0.49183333333333334 0.505625 0.045 0.03425
0 0.49033333333333334 0.5427500000000001 0.041999999999999996 0.0335
0 0.49 0.717375 0.03933333333333333 0.03125
0 0.5033333333333333 0.6813750000000001 0.043333333333333335 0.03375
0 0.509 0.64275 0.04666666666666666 0.0375
0 0.5205 0.39387500000000003 0.04766666666666666 0.035750000000000004
0 0.5195 0.605625 0.045 0.035250000000000004
0 0.5226666666666666 0.570375 0.04733333333333333 0.035250000000000004
0 0.5246666666666666 0.740375 0.04466666666666667 0.03425
0 0.5315 0.431375 0.04766666666666666 0.03475
0 0.5293333333333333 0.51925 0.04133333333333333 0.033
0 0.5361666666666667 0.472875 0.04766666666666666 0.03725
0 0.5355 0.70375 0.041 0.032
0 0.5449999999999999 0.669625 0.04733333333333333 0.03725
0 0.5491666666666667 0.627875 0.041666666666666664 0.03475
0 0.5606666666666666 0.541125 0.04666666666666666 0.03475
0 0.5698333333333333 0.5865 0.04833333333333333 0.0365
0 0.5715 0.372 0.051 0.0395
0 0.572 0.410625 0.04733333333333333 0.03425
0 0.5716666666666667 0.729 0.04466666666666667 0.0325
0 0.5761666666666666 0.443875 0.043666666666666666 0.03275
0 0.5783333333333334 0.48562500000000003 0.04666666666666666 0.03425
0 0.5773333333333334 0.69825 0.042666666666666665 0.0335
0 0.5918333333333333 0.6208750000000001 0.04633333333333333 0.03675
0 0.5908333333333333 0.653625 0.043 0.03225
0 0.6063333333333333 0.55675 0.046 0.035500000000000004
0 0.6094999999999999 0.518875 0.041666666666666664 0.03125
0 0.6153333333333333 0.721625 0.050666666666666665 0.03725
0 0.6174999999999999 0.42625 0.04766666666666666 0.037
0 0.618 0.38575 0.044 0.0345
0 0.6224999999999999 0.677875 0.047 0.03925
0 0.6236666666666666 0.4615 0.04533333333333333 0.0345
0 0.6371666666666667 0.598125 0.051 0.03725
0 0.6345 0.636125 0.04433333333333333 0.03675
0 0.6506666666666666 0.493875 0.048 0.03475
0 0.6533333333333333 0.529125 0.042666666666666665 0.03225
0 0.6548333333333333 0.564625 0.04566666666666667 0.03375
0 0.6621666666666667 0.435375 0.04766666666666666 0.03475
0 0.6648333333333333 0.688375 0.043666666666666666 0.03125
0 0.6768333333333333 0.389875 0.05566666666666666 0.03975
0 0.6773333333333333 0.619375 0.044 0.03275
0 0.6776666666666666 0.656 0.042666666666666665 0.0325
0 0.6971666666666666 0.472375 0.048999999999999995 0.035250000000000004
0 0.6966666666666667 0.584875 0.044 0.03325
0 0.7038333333333333 0.50875 0.042333333333333334 0.033
0 0.7055 0.543875 0.041666666666666664 0.03175
0 0.7195 0.63925 0.04833333333333333 0.036000000000000004
0 0.7354999999999999 0.6052500000000001 0.04566666666666667 0.035
0 0.7424999999999999 0.5205 0.041666666666666664 0.0315
0 0.7543333333333333 0.5635 0.051333333333333335 0.0375
0 0.7751666666666667 0.49112500000000003 0.04433333333333333 0.03225
