0 0.2545 0.803625 0.04566666666666667 0.03275
0 0.2538333333333333 0.83575 0.042333333333333334 0.035500000000000004
0 0.25816666666666666 0.7681250000000001 0.045 0.03875
0 0.27999999999999997 0.71225 0.051333333333333335 0.041
0 0.2895 0.661125 0.043 0.03325
0 0.29633333333333334 0.624375 0.04533333333333333 0.035750000000000004
0 0.29733333333333334 0.78725 0.04666666666666666 0.037
0 0.3075 0.74775 0.051 0.04
0 0.30616666666666664 0.854375 0.043666666666666666 0.03075
0 0.3245 0.8200000000000001 0.04766666666666666 0.0365
0 0.3348333333333333 0.592375 0.045 0.03425
0 0.33866666666666667 0.876375 0.052 0.035250000000000004
0 0.33766666666666667 0.657125 0.04933333333333333 0.03875
0 0.3396666666666667 0.6935 0.046 0.0345
0 0.35266666666666663 0.7685 0.04466666666666667 0.032
0 0.3575 0.724375 0.047 0.03625
0 0.3625 0.803625 0.045 0.03325
0 0.36266666666666664 0.8426250000000001 0.03933333333333333 0.03325
0 0.38366666666666666 0.62625 0.05466666666666666 0.0395
0 0.38516666666666666 0.5805 0.050333333333333334 0.0375
0 0.3915 0.6637500000000001 0.04833333333333333 0.037
0 0.4028333333333333 0.738375 0.050333333333333334 0.03875
0 0.4051666666666667 0.8911250000000001 0.04833333333333333 0.035250000000000004
0 0.4101666666666667 0.697875 0.043666666666666666 0.03475
0 0.4106666666666667 0.822375 0.04133333333333333 0.03625
0 0.4116666666666666 0.854375 0.041999999999999996 0.03325
0 0.41566666666666663 0.787625 0.043333333333333335 0.03175
0 0.427 0.5563750000000001 0.04933333333333333 0.03675
0 0.43816666666666665 0.596625 0.04633333333333333 0.03625
0 0.446 0.898875 0.04466666666666667 0.035250000000000004
0 0.451 0.6775 0.044 0.0345
0 0.45016666666666666 0.634875 0.042333333333333334 0.03175
0 0.45716666666666667 0.7192500000000001 0.041666666666666664 0.0335
0 0.46099999999999997 0.76025 0.04533333333333333 0.0415
0 0.46216666666666667 0.830125 0.04566666666666667 0.03475
0 0.46199999999999997 0.7947500000000001 0.04133333333333333 0.034
0 0.471 0.87325 0.042666666666666665 0.029500000000000002
0 0.48666666666666664 0.5650000000000001 0.050666666666666665 0.036000000000000004
0 0.487 0.69625 0.041999999999999996 0.035500000000000004
0 0.49366666666666664 0.607875 0.050666666666666665 0.03875
0 0.4955 0.655625 0.04833333333333333 0.03625
0 0.5028333333333334 0.7352500000000001 0.04833333333333333 0.036000000000000004
0 0.507 0.7705 0.048666666666666664 0.0375
0 0.51 0.806 0.046 0.035500000000000004
0 0.509 0.8442500000000001 0.042666666666666665 0.036000000000000004
0 0.511 0.88025 0.03666666666666667 0.0325
0 0.534 0.54425 0.050666666666666665 0.0385
0 0.5366666666666666 0.673625 0.04933333333333333 0.03775
0 0.5361666666666667 0.5845 0.04833333333333333 0.035500000000000004
0 0.5393333333333333 0.621625 0.046 0.03775
0 0.5449999999999999 0.71025 0.048666666666666664 0.0375
0 0.5533333333333333 0.747375 0.048666666666666664 0.03675
0 0.5491666666666667 0.8935000000000001 0.03766666666666667 0.0305
0 0.5555 0.780625 0.045 0.03275
0 0.5565 0.821625 0.04566666666666667 0.03825
0 0.5528333333333333 0.8552500000000001 0.03833333333333333 0.029500000000000002
0 0.582 0.6005 0.05266666666666667 0.0405
0 0.5793333333333334 0.560375 0.04533333333333333 0.03475
0 0.5861666666666666 0.688375 0.04566666666666667 0.035750000000000004
0 0.5856666666666667 0.6545 0.041999999999999996 0.03
0 0.5896666666666667 0.726 0.04533333333333333 0.035
0 0.5893333333333333 0.761375 0.04066666666666666 0.03425
0 0.5898333333333333 0.86925 0.04033333333333333 0.0315
0 0.5891666666666666 0.840375 0.036333333333333336 0.02875
0 0.5965 0.7955 0.04033333333333333 0.0335
0 0.6126666666666667 0.625875 0.043333333333333335 0.03375
0 0.6273333333333333 0.856875 0.044 0.03375
0 0.6261666666666666 0.704125 0.04033333333333333 0.03225
0 0.6303333333333333 0.813875 0.042666666666666665 0.03675
0 0.6376666666666666 0.56025 0.056 0.04
0 0.633 0.7415 0.04 0.031
0 0.635 0.663375 0.041999999999999996 0.029750000000000002
0 0.645 0.7755 0.04466666666666667 0.035500000000000004
0 0.6621666666666667 0.601 0.048999999999999995 0.035
0 0.6716666666666666 0.8153750000000001 0.038 0.02825
0 0.6751666666666667 0.642375 0.043666666666666666 0.03425
0 0.6788333333333333 0.71775 0.043666666666666666 0.0335
0 0.6825 0.683 0.041 0.0305
0 0.6913333333333334 0.788 0.04066666666666666 0.0325
0 0.7001666666666666 0.752875 0.04566666666666667 0.03425
0 0.7283333333333333 0.67825 0.04066666666666666 0.0315
0 0.7324999999999999 0.722375 0.04833333333333333 0.035250000000000004
0 0.7668333333333333 0.634875 0.05566666666666666 0.03925
