0 0.2876666666666667 0.757875 0.041999999999999996 0.03425
0 0.296 0.72675 0.042666666666666665 0.0345
0 0.30333333333333334 0.692375 0.03866666666666667 0.03075
0 0.3115 0.652375 0.041 0.03025
0 0.32166666666666666 0.62125 0.04066666666666666 0.029500000000000002
0 0.33266666666666667 0.70875 0.03933333333333333 0.032
0 0.3368333333333333 0.5915 0.039 0.0245
0 0.33716666666666667 0.786875 0.03966666666666666 0.03225
0 0.3433333333333333 0.7475 0.044 0.037
0 0.3433333333333333 0.675125 0.043333333333333335 0.035250000000000004
0 0.36216666666666664 0.8170000000000001 0.04766666666666666 0.035500000000000004
0 0.36783333333333335 0.56925 0.039 0.029
0 0.36816666666666664 0.635625 0.039 0.02875
0 0.3743333333333333 0.6032500000000001 0.04133333333333333 0.0325
0 0.37616666666666665 0.69775 0.039 0.0315
0 0.378 0.770875 0.041999999999999996 0.03825
0 0.38116666666666665 0.730625 0.039 0.03425
0 0.3843333333333333 0.661 0.03866666666666667 0.0305
0 0.4081666666666667 0.6168750000000001 0.041666666666666664 0.03075
0 0.4065 0.5865 0.03766666666666667 0.0315
0 0.4215 0.67675 0.045 0.0345
0 0.42 0.5583750000000001 0.03933333333333333 0.02875
0 0.42066666666666663 0.793125 0.04 0.03625
0 0.42433333333333334 0.838125 0.046 0.035750000000000004
0 0.424 0.7575000000000001 0.04066666666666666 0.034
0 0.42433333333333334 0.64425 0.038 0.029
0 0.43216666666666664 0.721625 0.03833333333333333 0.03075
0 0.45016666666666666 0.53025 0.037 0.0265
0 0.45599999999999996 0.5915 0.042666666666666665 0.032
0 0.4573333333333333 0.6295000000000001 0.04 0.0305
0 0.4618333333333333 0.8582500000000001 0.04833333333333333 0.037
0 0.46016666666666667 0.564625 0.037 0.02925
0 0.4653333333333333 0.6970000000000001 0.04133333333333333 0.034
0 0.46849999999999997 0.771625 0.04766666666666666 0.03625
0 0.46349999999999997 0.661375 0.03766666666666667 0.03175
0 0.4711666666666667 0.734125 0.04033333333333333 0.03325
0 0.48166666666666663 0.821625 0.041999999999999996 0.03375
0 0.49166666666666664 0.640375 0.03733333333333333 0.02825
0 0.49866666666666665 0.53725 0.04066666666666666 0.0315
0 0.5011666666666666 0.6098750000000001 0.041 0.03075
0 0.5048333333333334 0.71225 0.045 0.037
0 0.5085 0.5650000000000001 0.043 0.034
0 0.5133333333333333 0.749 0.050666666666666665 0.0385
0 0.5153333333333333 0.7865 0.046 0.037
0 0.5168333333333334 0.6657500000000001 0.042333333333333334 0.0325
0 0.5258333333333333 0.8270000000000001 0.04033333333333333 0.034
0 0.5448333333333333 0.611125 0.043 0.03225
0 0.5548333333333333 0.64125 0.04566666666666667 0.0325
0 0.5543333333333333 0.6793750000000001 0.043333333333333335 0.03225
0 0.5538333333333333 0.5255 0.03966666666666666 0.0325
0 0.5565 0.711875 0.042333333333333334 0.03175
0 0.5585 0.557125 0.041 0.02875
0 0.5621666666666667 0.478375 0.042333333333333334 0.03175
0 0.5715 0.753625 0.04566666666666667 0.035250000000000004
0 0.5705 0.793875 0.03966666666666666 0.03225
0 0.5803333333333334 0.8482500000000001 0.04466666666666667 0.034
0 0.5886666666666667 0.539625 0.041999999999999996 0.03025
0 0.5881666666666666 0.506 0.033 0.025
0 0.595 0.6525 0.04533333333333333 0.033
0 0.592 0.59225 0.03933333333333333 0.0275
0 0.5955 0.68675 0.045 0.0345
0 0.5981666666666666 0.621625 0.04433333333333333 0.03275
0 0.6043333333333333 0.724 0.04066666666666666 0.0305
0 0.607 0.563375 0.03866666666666667 0.02925
0 0.621 0.775875 0.04066666666666666 0.03075
0 0.6231666666666666 0.8083750000000001 0.043 0.03325
0 0.6266666666666666 0.522375 0.042666666666666665 0.03275
0 0.6366666666666666 0.63675 0.038 0.032
0 0.6403333333333333 0.604 0.038 0.028
0 0.644 0.6697500000000001 0.04 0.0315
0 0.6466666666666666 0.74225 0.043333333333333335 0.034
0 0.647 0.557625 0.04066666666666666 0.02925
0 0.6663333333333333 0.7955 0.048 0.035
0 0.6673333333333333 0.700875 0.04466666666666667 0.03375
0 0.6741666666666667 0.58375 0.043666666666666666 0.0325
0 0.6871666666666666 0.616625 0.03833333333333333 0.029750000000000002
0 0.6925 0.649375 0.042333333333333334 0.03325
0 0.7101666666666666 0.744625 0.039 0.03075
0 0.7126666666666667 0.679 0.043333333333333335 0.0315
0 0.7276666666666667 0.613 0.038 0.03
0 0.731 0.71025 0.04133333333333333 0.0315
0 0.747 0.5775 0.04066666666666666 0.03
0 0.7533333333333333 0.663875 0.044 0.03275
