0 0.30616666666666664 0.571625 0.039 0.035250000000000004
0 0.31516666666666665 0.613375 0.041666666666666664 0.03275
0 0.3195 0.647375 0.043 0.03425
0 0.33816666666666667 0.518875 0.043666666666666666 0.03225
0 0.3428333333333333 0.48725 0.037 0.031
0 0.3495 0.58725 0.04033333333333333 0.033
0 0.351 0.5513750000000001 0.04 0.03425
0 0.36583333333333334 0.672 0.043666666666666666 0.033
0 0.37116666666666664 0.46037500000000003 0.04433333333333333 0.03225
0 0.37466666666666665 0.627125 0.04533333333333333 0.03425
0 0.3853333333333333 0.49775 0.04733333333333333 0.0335
0 0.39249999999999996 0.565875 0.04633333333333333 0.035750000000000004
0 0.39199999999999996 0.529125 0.042666666666666665 0.03175
0 0.4063333333333333 0.685625 0.052 0.03475
0 0.4023333333333333 0.6025 0.03933333333333333 0.0315
0 0.4073333333333333 0.650875 0.038 0.03175
0 0.42016666666666663 0.427875 0.04433333333333333 0.03125
0 0.433 0.47950000000000004 0.046 0.03
0 0.43166666666666664 0.51075 0.041999999999999996 0.0315
0 0.43516666666666665 0.58175 0.03833333333333333 0.031
0 0.44016666666666665 0.540875 0.042333333333333334 0.03225
0 0.4463333333333333 0.622375 0.03933333333333333 0.03075
0 0.45666666666666667 0.657125 0.04066666666666666 0.03475
0 0.45866666666666667 0.4005 0.043333333333333335 0.035
0 0.45966666666666667 0.44275000000000003 0.043333333333333335 0.0325
0 0.4653333333333333 0.696625 0.04733333333333333 0.03725
0 0.4766666666666666 0.5563750000000001 0.043333333333333335 0.035750000000000004
0 0.47833333333333333 0.508375 0.03933333333333333 0.03025
0 0.48116666666666663 0.595375 0.041 0.03925
0 0.4923333333333333 0.466875 0.044 0.03375
0 0.49316666666666664 0.63025 0.04433333333333333 0.033
0 0.5038333333333334 0.662625 0.04033333333333333 0.03125
0 0.51 0.704375 0.046 0.03175
0 0.518 0.41025 0.04 0.03
0 0.5205 0.440375 0.043 0.03075
0 0.521 0.522875 0.03933333333333333 0.02925
0 0.5225 0.49 0.042333333333333334 0.0325
0 0.536 0.597 0.03933333333333333 0.032
0 0.5376666666666666 0.56225 0.038 0.032
0 0.5391666666666667 0.463 0.03966666666666666 0.0275
0 0.5413333333333333 0.64 0.03933333333333333 0.029500000000000002
0 0.5545 0.680625 0.03766666666666667 0.02775
0 0.5585 0.715375 0.042333333333333334 0.03125
0 0.5606666666666666 0.40875 0.04133333333333333 0.033
0 0.5621666666666667 0.518875 0.043 0.03125
0 0.5636666666666666 0.488375 0.046 0.03225
0 0.5693333333333334 0.37975000000000003 0.03866666666666667 0.029500000000000002
0 0.5721666666666666 0.6118750000000001 0.037 0.03275
0 0.5735 0.567375 0.039 0.03275
0 0.5763333333333334 0.6555 0.042666666666666665 0.029
0 0.5908333333333333 0.4345 0.043 0.031
0 0.598 0.400125 0.041999999999999996 0.03175
0 0.6048333333333333 0.539125 0.043666666666666666 0.03175
0 0.6038333333333333 0.6880000000000001 0.03833333333333333 0.03
0 0.6084999999999999 0.507125 0.045 0.03325
0 0.6106666666666667 0.46225 0.041999999999999996 0.0335
0 0.6121666666666666 0.56925 0.043 0.0315
0 0.6184999999999999 0.616125 0.045 0.03375
0 0.6365 0.659125 0.043 0.035250000000000004
0 0.6445 0.427875 0.043666666666666666 0.03375
0 0.6455 0.54475 0.041666666666666664 0.033
0 0.6596666666666666 0.581 0.04466666666666667 0.0305
0 0.6596666666666666 0.5045000000000001 0.043333333333333335 0.033
0 0.6605 0.615375 0.042333333333333334 0.03225
0 0.6606666666666666 0.45987500000000003 0.03733333333333333 0.03025
0 0.6673333333333333 0.715 0.046 0.0345
0 0.6756666666666666 0.675125 0.03666666666666667 0.03025
0 0.6923333333333334 0.53525 0.041999999999999996 0.033
0 0.7001666666666666 0.59975 0.04433333333333333 0.032
0 0.7028333333333333 0.49625 0.03766666666666667 0.029
0 0.7111666666666666 0.64 0.03766666666666667 0.03
0 0.7371666666666666 0.46025 0.04033333333333333 0.0285
