0 0.24583333333333332 0.706875 0.043666666666666666 0.03075
0 0.2728333333333333 0.650625 0.045 0.035750000000000004
0 0.285 0.743125 0.04133333333333333 0.03875
0 0.2885 0.68725 0.04633333333333333 0.036000000000000004
0 0.293 0.7791250000000001 0.046 0.03375
0 0.30733333333333335 0.6115 0.044 0.033
0 0.3118333333333333 0.6475 0.043 0.0335
0 0.3208333333333333 0.57475 0.03966666666666666 0.031
0 0.3283333333333333 0.711125 0.04066666666666666 0.03775
0 0.33849999999999997 0.667375 0.045 0.03225
0 0.3436666666666667 0.75525 0.04533333333333333 0.0335
0 0.3471666666666667 0.629 0.037 0.029
0 0.35566666666666663 0.790375 0.04933333333333333 0.03675
0 0.35533333333333333 0.56075 0.04733333333333333 0.032
0 0.35666666666666663 0.598625 0.043333333333333335 0.03325
0 0.37133333333333335 0.7205 0.04 0.0325
0 0.3775 0.689125 0.043 0.03275
0 0.3853333333333333 0.642 0.04133333333333333 0.031
0 0.39266666666666666 0.5377500000000001 0.04066666666666666 0.032
0 0.39366666666666666 0.769375 0.03866666666666667 0.03375
0 0.3998333333333333 0.581 0.03833333333333333 0.0275
0 0.4023333333333333 0.613 0.041999999999999996 0.033
0 0.412 0.71425 0.042666666666666665 0.0305
0 0.418 0.6635 0.04466666666666667 0.034
0 0.43083333333333335 0.750125 0.041666666666666664 0.03725
0 0.43566666666666665 0.774375 0.03733333333333333 0.03125
0 0.44166666666666665 0.629 0.041999999999999996 0.031
0 0.44216666666666665 0.5982500000000001 0.041666666666666664 0.033
0 0.4438333333333333 0.5065000000000001 0.039 0.029
0 0.44666666666666666 0.564625 0.042666666666666665 0.03275
0 0.474 0.67825 0.04666666666666666 0.04
0 0.4703333333333333 0.529 0.038 0.0275
0 0.48816666666666664 0.56925 0.043 0.0335
0 0.48833333333333334 0.638875 0.04 0.03025
0 0.4925 0.816875 0.045 0.03375
0 0.4923333333333333 0.600125 0.043333333333333335 0.03275
0 0.494 0.7275 0.04666666666666666 0.036000000000000004
0 0.4955 0.75875 0.043666666666666666 0.035500000000000004
0 0.5215 0.622 0.039 0.0285
0 0.5273333333333333 0.69975 0.03933333333333333 0.0335
0 0.5295 0.546625 0.041 0.03225
0 0.5313333333333333 0.58375 0.03866666666666667 0.031
0 0.5449999999999999 0.663 0.04533333333333333 0.034
0 0.5485 0.726375 0.039 0.03175
0 0.5521666666666667 0.78525 0.045 0.033
0 0.5481666666666667 0.501 0.037 0.0285
0 0.5695 0.5271250000000001 0.043666666666666666 0.03225
0 0.5705 0.588875 0.03766666666666667 0.03325
0 0.5771666666666666 0.55875 0.041666666666666664 0.029500000000000002
0 0.5871666666666666 0.633375 0.039 0.02925
0 0.6158333333333333 0.57625 0.03966666666666666 0.029
0 0.6183333333333333 0.67125 0.04466666666666667 0.0325
0 0.621 0.5337500000000001 0.04466666666666667 0.0335
0 0.6231666666666666 0.708375 0.03766666666666667 0.03075
0 0.6273333333333333 0.613125 0.043333333333333335 0.03375
0 0.6303333333333333 0.749 0.044 0.033
0 0.6548333333333333 0.688375 0.041 0.03475
0 0.6595 0.6505 0.043 0.0335
0 0.6731666666666667 0.72 0.043 0.0335
0 0.6955 0.632125 0.037 0.03075
0 0.706 0.667375 0.04133333333333333 0.03225
0 0.731 0.6228750000000001 0.03733333333333333 0.03125
0 0.7424999999999999 0.65475 0.042333333333333334 0.03
