0 0.34149999999999997 0.746625 0.037 0.025750000000000002
0 0.3431666666666667 0.7192500000000001 0.033666666666666664 0.025
0 0.35533333333333333 0.7817500000000001 0.036 0.029500000000000002
0 0.355 0.690375 0.033999999999999996 0.025750000000000002
0 0.35516666666666663 0.663875 0.03166666666666666 0.021750000000000002
0 0.369 0.6165 0.03266666666666666 0.021500000000000002
0 0.3783333333333333 0.715375 0.04066666666666666 0.02825
0 0.3803333333333333 0.6775 0.028 0.024
0 0.38816666666666666 0.754125 0.034999999999999996 0.025750000000000002
0 0.38816666666666666 0.5876250000000001 0.033 0.02675
0 0.39199999999999996 0.6471250000000001 0.030666666666666665 0.025750000000000002
0 0.39816666666666667 0.54 0.03833333333333333 0.027
0 0.4038333333333333 0.6205 0.033 0.024
0 0.42116666666666663 0.558 0.03166666666666666 0.024
0 0.42883333333333334 0.697375 0.03233333333333333 0.02325
0 0.4358333333333333 0.727875 0.03833333333333333 0.02875
0 0.441 0.755125 0.04066666666666666 0.03075
0 0.44 0.7857500000000001 0.03733333333333333 0.03
0 0.44016666666666665 0.6595 0.034999999999999996 0.0275
0 0.44216666666666665 0.61775 0.031 0.0265
0 0.446 0.5325 0.034666666666666665 0.025
0 0.446 0.5915 0.028666666666666667 0.0245
0 0.46316666666666667 0.56425 0.041666666666666664 0.029
0 0.47833333333333333 0.70375 0.04 0.0265
0 0.47916666666666663 0.67625 0.039 0.029500000000000002
0 0.4835 0.647 0.037 0.025500000000000002
0 0.488 0.608375 0.03733333333333333 0.02925
0 0.48683333333333334 0.735625 0.033666666666666664 0.02725
0 0.4895 0.78225 0.034999999999999996 0.026000000000000002
0 0.49083333333333334 0.581875 0.034999999999999996 0.025750000000000002
0 0.5095 0.497375 0.035666666666666666 0.02825
0 0.5163333333333333 0.670375 0.03266666666666666 0.025750000000000002
0 0.5226666666666666 0.520875 0.035333333333333335 0.025750000000000002
0 0.5288333333333333 0.639125 0.036333333333333336 0.02675
0 0.5325 0.695125 0.035666666666666666 0.02775
0 0.5335 0.7595000000000001 0.035666666666666666 0.0285
0 0.5366666666666666 0.5895 0.03266666666666666 0.023
0 0.5455 0.726375 0.039 0.03175
0 0.5516666666666666 0.5525 0.03733333333333333 0.027
0 0.5621666666666667 0.6587500000000001 0.035666666666666666 0.029
0 0.5688333333333333 0.5275 0.037 0.025500000000000002
0 0.5766666666666667 0.693875 0.03933333333333333 0.03025
0 0.5793333333333334 0.627 0.035333333333333335 0.029
0 0.5928333333333333 0.59775 0.033 0.024
0 0.5976666666666667 0.658 0.03 0.025
0 0.6053333333333333 0.53525 0.038 0.0275
0 0.609 0.7352500000000001 0.03266666666666666 0.027
0 0.6266666666666666 0.5896250000000001 0.04066666666666666 0.029750000000000002
0 0.6251666666666666 0.691875 0.036333333333333336 0.02875
0 0.6273333333333333 0.5595 0.03133333333333333 0.023
0 0.6303333333333333 0.6228750000000001 0.03133333333333333 0.02375
0 0.6423333333333333 0.658 0.03733333333333333 0.03
0 0.6425 0.727875 0.036333333333333336 0.02775
0 0.6531666666666667 0.5455 0.033666666666666664 0.0245
0 0.6626666666666666 0.687625 0.03733333333333333 0.03025
0 0.6699999999999999 0.602125 0.03266666666666666 0.02325
0 0.6715 0.572375 0.03166666666666666 0.02675
0 0.6913333333333334 0.6555 0.03666666666666667 0.027
0 0.7043333333333333 0.594625 0.032 0.02625
0 0.7065 0.62675 0.034333333333333334 0.026000000000000002
