0 0.3338333333333333 0.732625 0.041666666666666664 0.03325
0 0.35466666666666663 0.76075 0.046 0.034
0 0.36583333333333334 0.67275 0.041 0.0315
0 0.36816666666666664 0.7025 0.045 0.03
0 0.374 0.792 0.048666666666666664 0.035
0 0.385 0.735375 0.04533333333333333 0.03325
0 0.3888333333333333 0.8326250000000001 0.048999999999999995 0.03925
0 0.4013333333333333 0.763125 0.04533333333333333 0.03175
0 0.4048333333333333 0.67475 0.043666666666666666 0.0305
0 0.4098333333333333 0.70475 0.042333333333333334 0.029
0 0.42383333333333334 0.736125 0.04033333333333333 0.03125
0 0.4358333333333333 0.84275 0.048999999999999995 0.038
0 0.435 0.802125 0.04466666666666667 0.03475
0 0.4425 0.76775 0.045 0.033
0 0.4455 0.67675 0.03966666666666666 0.031
0 0.45216666666666666 0.647375 0.042333333333333334 0.03175
0 0.4533333333333333 0.709125 0.041999999999999996 0.03075
0 0.46449999999999997 0.739125 0.041666666666666664 0.03075
0 0.47983333333333333 0.840375 0.047 0.03675
0 0.47983333333333333 0.802875 0.04033333333333333 0.03325
0 0.4895 0.8825000000000001 0.04766666666666666 0.0385
0 0.49033333333333334 0.77 0.04733333333333333 0.037
0 0.48916666666666664 0.62975 0.03833333333333333 0.0305
0 0.49216666666666664 0.67825 0.041 0.0335
0 0.5001666666666666 0.711875 0.04433333333333333 0.03325
0 0.518 0.742375 0.042666666666666665 0.03225
0 0.5215 0.8153750000000001 0.048999999999999995 0.03625
0 0.5246666666666666 0.8552500000000001 0.050666666666666665 0.041
0 0.5221666666666667 0.6525 0.03966666666666666 0.029500000000000002
0 0.5236666666666666 0.610625 0.042666666666666665 0.03225
0 0.5383333333333333 0.896625 0.05266666666666667 0.03975
0 0.533 0.684125 0.03866666666666667 0.02925
0 0.5355 0.784125 0.042333333333333334 0.03275
0 0.5413333333333333 0.715375 0.04066666666666666 0.02925
0 0.5591666666666667 0.628625 0.045 0.03375
0 0.5575 0.590375 0.04033333333333333 0.029750000000000002
0 0.5606666666666666 0.752125 0.046 0.035250000000000004
0 0.5596666666666666 0.660375 0.04133333333333333 0.03175
0 0.5741666666666666 0.838875 0.049666666666666665 0.04025
0 0.5751666666666666 0.691625 0.04566666666666667 0.03325
0 0.5758333333333333 0.7865 0.043666666666666666 0.036000000000000004
0 0.5788333333333333 0.877125 0.049666666666666665 0.03825
0 0.5803333333333334 0.72475 0.04133333333333333 0.032
0 0.5996666666666667 0.597875 0.04666666666666666 0.03325
0 0.6038333333333333 0.663875 0.04566666666666667 0.03275
0 0.6021666666666666 0.63375 0.039 0.029
0 0.61 0.8153750000000001 0.044 0.03625
0 0.608 0.753625 0.03866666666666667 0.03125
0 0.6193333333333333 0.858375 0.046 0.035750000000000004
0 0.6204999999999999 0.69625 0.045 0.033
0 0.6388333333333334 0.61775 0.041 0.0325
0 0.6408333333333334 0.7282500000000001 0.03833333333333333 0.031
0 0.644 0.790375 0.041999999999999996 0.03325
0 0.6476666666666666 0.7575000000000001 0.043333333333333335 0.0335
0 0.6516666666666666 0.6735 0.046 0.033
0 0.6575 0.834875 0.043666666666666666 0.03875
0 0.6763333333333333 0.700125 0.044 0.035250000000000004
0 0.6766666666666666 0.730625 0.04133333333333333 0.03325
0 0.6861666666666666 0.798125 0.051666666666666666 0.03825
0 0.6871666666666666 0.634875 0.042333333333333334 0.03225
0 0.693 0.6657500000000001 0.044 0.0305
0 0.6966666666666667 0.765375 0.04466666666666667 0.035250000000000004
0 0.7136666666666667 0.706 0.038 0.0315
