0 0.3788333333333333 0.70325 0.03766666666666667 0.029500000000000002
0 0.4048333333333333 0.6415 0.03766666666666667 0.03
0 0.4043333333333333 0.683 0.034666666666666665 0.031
0 0.4073333333333333 0.58175 0.03933333333333333 0.0315
0 0.4056666666666667 0.552875 0.035333333333333335 0.02825
0 0.4071666666666667 0.613125 0.03833333333333333 0.03025
0 0.41083333333333333 0.71725 0.037 0.029500000000000002
0 0.4215 0.75175 0.036333333333333336 0.0325
0 0.42616666666666664 0.659625 0.037 0.02725
0 0.4353333333333333 0.5357500000000001 0.03933333333333333 0.0305
0 0.43816666666666665 0.6935 0.036333333333333336 0.027
0 0.4423333333333333 0.57325 0.03866666666666667 0.0315
0 0.4428333333333333 0.6052500000000001 0.03833333333333333 0.027
0 0.4533333333333333 0.636125 0.04066666666666666 0.03075
0 0.4528333333333333 0.7235 0.03966666666666666 0.0305
0 0.45999999999999996 0.753625 0.04533333333333333 0.03125
0 0.4618333333333333 0.671625 0.034333333333333334 0.02925
0 0.47383333333333333 0.588 0.03833333333333333 0.029
0 0.4708333333333333 0.553625 0.03233333333333333 0.02525
0 0.4736666666666666 0.702875 0.03733333333333333 0.02825
0 0.4775 0.52475 0.04033333333333333 0.032
0 0.47816666666666663 0.61575 0.034999999999999996 0.029
0 0.488 0.647 0.041999999999999996 0.029500000000000002
0 0.489 0.7282500000000001 0.04 0.0285
0 0.4975 0.5670000000000001 0.03766666666666667 0.0275
0 0.497 0.6795 0.034666666666666665 0.0275
0 0.5013333333333333 0.758 0.04133333333333333 0.033
0 0.5101666666666667 0.5962500000000001 0.039 0.0315
0 0.5116666666666666 0.706 0.036 0.029500000000000002
0 0.5131666666666667 0.62825 0.035666666666666666 0.0265
0 0.5151666666666667 0.50675 0.03766666666666667 0.029
0 0.5261666666666667 0.652875 0.042333333333333334 0.029750000000000002
0 0.5293333333333333 0.547 0.03733333333333333 0.029500000000000002
0 0.5371666666666667 0.681 0.04033333333333333 0.0315
0 0.5371666666666667 0.575125 0.03966666666666666 0.03125
0 0.5388333333333333 0.7282500000000001 0.041666666666666664 0.0315
0 0.5439999999999999 0.76925 0.04133333333333333 0.0335
0 0.5423333333333333 0.60875 0.035333333333333335 0.024
0 0.5465 0.52125 0.033 0.0265
0 0.5569999999999999 0.63375 0.03866666666666667 0.03
0 0.5596666666666666 0.7036250000000001 0.038 0.02925
0 0.5683333333333334 0.546625 0.038 0.03075
0 0.5721666666666666 0.6645 0.03766666666666667 0.028
0 0.5736666666666667 0.581 0.03866666666666667 0.0265
0 0.5778333333333333 0.7478750000000001 0.03966666666666666 0.03375
0 0.5783333333333334 0.61 0.036 0.029500000000000002
0 0.5913333333333333 0.68775 0.03933333333333333 0.033
0 0.5955 0.5615 0.042333333333333334 0.029500000000000002
0 0.5935 0.720875 0.037 0.029750000000000002
0 0.5945 0.6431250000000001 0.033 0.02675
0 0.5976666666666667 0.5337500000000001 0.033999999999999996 0.026000000000000002
0 0.607 0.5896250000000001 0.033999999999999996 0.02875
0 0.6278333333333334 0.7036250000000001 0.041666666666666664 0.03325
0 0.6298333333333334 0.67 0.041 0.0325
0 0.633 0.736125 0.04666666666666666 0.03225
0 0.6283333333333333 0.61225 0.03333333333333333 0.0285
0 0.6341666666666667 0.6411250000000001 0.039 0.02925
0 0.6371666666666667 0.57125 0.03833333333333333 0.03
0 0.6621666666666667 0.5935 0.03833333333333333 0.03
0 0.6648333333333333 0.686 0.041666666666666664 0.0345
0 0.6699999999999999 0.716125 0.044 0.03425
0 0.6751666666666667 0.655625 0.037 0.02825
0 0.6763333333333333 0.625125 0.03866666666666667 0.03025
