0 0.2955 0.756375 0.06899999999999999 0.05425
0 0.29416666666666663 0.706 0.06633333333333333 0.0495
0 0.33116666666666666 0.6451250000000001 0.06766666666666667 0.05075
0 0.3348333333333333 0.594625 0.063 0.04775
0 0.345 0.784875 0.066 0.05525
0 0.35433333333333333 0.7302500000000001 0.06866666666666667 0.052000000000000005
0 0.35616666666666663 0.683 0.05566666666666666 0.0415
0 0.389 0.826375 0.064 0.05375
0 0.38766666666666666 0.56575 0.06 0.0445
0 0.39466666666666667 0.625125 0.06 0.043750000000000004
0 0.4058333333333333 0.76575 0.06899999999999999 0.055
0 0.4096666666666667 0.71225 0.062 0.049
0 0.413 0.667375 0.056666666666666664 0.04025
0 0.42816666666666664 0.536375 0.06033333333333333 0.04225
0 0.43716666666666665 0.86075 0.06166666666666666 0.047
0 0.4425 0.57975 0.05233333333333333 0.038
0 0.4493333333333333 0.7973750000000001 0.056 0.04825
0 0.4528333333333333 0.621625 0.05366666666666667 0.03925
0 0.46116666666666667 0.509875 0.051666666666666666 0.03775
0 0.47 0.66625 0.06733333333333333 0.0485
0 0.4673333333333333 0.713375 0.05333333333333333 0.04275
0 0.47883333333333333 0.756 0.05566666666666666 0.043500000000000004
0 0.47933333333333333 0.55375 0.054 0.0385
0 0.49316666666666664 0.8795000000000001 0.06566666666666666 0.051000000000000004
0 0.491 0.5916250000000001 0.048 0.03475
0 0.4968333333333333 0.821625 0.05566666666666666 0.051250000000000004
0 0.5043333333333333 0.631 0.052 0.0375
0 0.5188333333333334 0.684875 0.05566666666666666 0.04425
0 0.5225 0.729 0.06033333333333333 0.047
0 0.5211666666666667 0.527875 0.04833333333333333 0.03725
0 0.5356666666666666 0.5665 0.046 0.036000000000000004
0 0.5486666666666666 0.822375 0.06666666666666667 0.04825
0 0.5445 0.7755 0.05433333333333333 0.043500000000000004
0 0.5455 0.607625 0.050333333333333334 0.03625
0 0.5516666666666666 0.87325 0.06066666666666667 0.0505
0 0.5569999999999999 0.653375 0.06133333333333333 0.04275
0 0.5611666666666667 0.5115000000000001 0.04833333333333333 0.037
0 0.5741666666666666 0.6955 0.049666666666666665 0.0375
0 0.5768333333333333 0.7388750000000001 0.04833333333333333 0.04025
0 0.5783333333333334 0.545 0.048 0.035500000000000004
0 0.5918333333333333 0.58325 0.04633333333333333 0.036000000000000004
0 0.5986666666666667 0.799 0.05333333333333333 0.043000000000000003
0 0.6028333333333333 0.83725 0.05566666666666666 0.0485
0 0.6043333333333333 0.628625 0.057999999999999996 0.043250000000000004
0 0.6163333333333333 0.6723750000000001 0.052 0.03825
0 0.6231666666666666 0.7165 0.05633333333333333 0.0465
0 0.6356666666666666 0.76225 0.058666666666666666 0.047
0 0.6371666666666667 0.57825 0.051 0.0395
0 0.6523333333333333 0.8708750000000001 0.05466666666666666 0.04275
0 0.66 0.8240000000000001 0.06133333333333333 0.049
0 0.6606666666666666 0.647375 0.048666666666666664 0.03625
0 0.6628333333333333 0.688375 0.051666666666666666 0.04075
0 0.6773333333333333 0.6095 0.05266666666666667 0.0375
0 0.6798333333333333 0.731 0.055 0.0445
0 0.692 0.784875 0.064 0.05075
0 0.7215 0.672 0.06033333333333333 0.0495
0 0.733 0.631875 0.06466666666666666 0.043750000000000004
0 0.73 0.826375 0.054 0.04175
0 0.7366666666666667 0.716125 0.048 0.03825
0 0.7849999999999999 0.7508750000000001 0.06 0.05225
0 0.7913333333333333 0.80675 0.05266666666666667 0.0425
0 0.7908333333333333 0.65525 0.051 0.039
0 0.7986666666666666 0.6975 0.06066666666666667 0.0465
