0 0.292 0.670125 0.04466666666666667 0.03675
0 0.29483333333333334 0.701625 0.041 0.03125
0 0.301 0.631 0.041999999999999996 0.034
0 0.322 0.7345 0.044 0.037
0 0.3265 0.599375 0.039 0.03225
0 0.33149999999999996 0.568875 0.03766666666666667 0.03075
0 0.33699999999999997 0.7825 0.04133333333333333 0.032
0 0.34149999999999997 0.698625 0.043 0.035250000000000004
0 0.3421666666666667 0.6637500000000001 0.04033333333333333 0.0305
0 0.36016666666666663 0.823875 0.041 0.03125
0 0.36266666666666664 0.754 0.041999999999999996 0.033
0 0.36683333333333334 0.629375 0.041 0.03225
0 0.3705 0.5865 0.04433333333333333 0.034
0 0.372 0.722375 0.03866666666666667 0.03025
0 0.3788333333333333 0.7887500000000001 0.043 0.037
0 0.3798333333333333 0.552875 0.043 0.029750000000000002
0 0.39016666666666666 0.852875 0.047 0.03075
0 0.38816666666666666 0.659125 0.042333333333333334 0.03375
0 0.388 0.692625 0.04066666666666666 0.03225
0 0.4008333333333333 0.61225 0.04833333333333333 0.0315
0 0.4043333333333333 0.52125 0.04066666666666666 0.0315
0 0.4038333333333333 0.757625 0.03766666666666667 0.02675
0 0.4135 0.7205 0.043 0.0345
0 0.41766666666666663 0.583 0.042666666666666665 0.032
0 0.41816666666666663 0.82325 0.034999999999999996 0.032
0 0.42383333333333334 0.7821250000000001 0.03966666666666666 0.03225
0 0.42933333333333334 0.642375 0.044 0.03275
0 0.43066666666666664 0.6833750000000001 0.043333333333333335 0.03025
0 0.4383333333333333 0.547 0.04133333333333333 0.033
0 0.44416666666666665 0.611 0.043666666666666666 0.0335
0 0.44366666666666665 0.75375 0.042666666666666665 0.031
0 0.4473333333333333 0.5115000000000001 0.03866666666666667 0.03
0 0.45516666666666666 0.8426250000000001 0.047 0.035250000000000004
0 0.4613333333333333 0.716125 0.04533333333333333 0.03275
0 0.4661666666666667 0.56775 0.043 0.0315
0 0.4673333333333333 0.80675 0.042666666666666665 0.0335
0 0.47716666666666663 0.634125 0.04033333333333333 0.03175
0 0.4775 0.666625 0.039 0.03225
0 0.4855 0.53525 0.037 0.029
0 0.48866666666666664 0.593875 0.042666666666666665 0.03225
0 0.48866666666666664 0.779375 0.04066666666666666 0.02875
0 0.494 0.483375 0.04066666666666666 0.03075
0 0.49616666666666664 0.827875 0.043666666666666666 0.03475
0 0.5001666666666666 0.699375 0.043666666666666666 0.03375
0 0.508 0.73925 0.04 0.029
0 0.5116666666666666 0.56025 0.03733333333333333 0.0305
0 0.5195 0.7993750000000001 0.039 0.02925
0 0.523 0.625875 0.04466666666666667 0.03175
0 0.5241666666666667 0.5271250000000001 0.042333333333333334 0.03175
0 0.533 0.71575 0.04 0.0305
0 0.5371666666666667 0.762625 0.045 0.03225
0 0.5355 0.664625 0.039 0.029750000000000002
0 0.5376666666666666 0.585375 0.043333333333333335 0.03325
0 0.5553333333333333 0.829375 0.041999999999999996 0.03325
0 0.5626666666666666 0.7973750000000001 0.04133333333333333 0.03325
0 0.5621666666666667 0.61575 0.039 0.029
0 0.5683333333333334 0.509875 0.043333333333333335 0.03125
0 0.5721666666666666 0.65325 0.043666666666666666 0.032
0 0.573 0.68725 0.043333333333333335 0.035
0 0.5756666666666667 0.7438750000000001 0.044 0.03325
0 0.5761666666666666 0.55125 0.039 0.031
0 0.5991666666666666 0.586 0.03966666666666666 0.029500000000000002
0 0.6023333333333333 0.629125 0.03866666666666667 0.02875
0 0.6094999999999999 0.765875 0.041 0.03025
0 0.6121666666666666 0.83025 0.043 0.0315
0 0.6111666666666666 0.661875 0.03833333333333333 0.03275
0 0.6153333333333333 0.70325 0.038 0.0285
0 0.6204999999999999 0.53525 0.045 0.0325
0 0.6381666666666667 0.49462500000000004 0.043 0.03075
0 0.6371666666666667 0.5665 0.03766666666666667 0.031
0 0.6423333333333333 0.734125 0.03933333333333333 0.03075
0 0.6565 0.6032500000000001 0.042333333333333334 0.0325
0 0.657 0.8153750000000001 0.043333333333333335 0.035250000000000004
0 0.6616666666666666 0.67475 0.04466666666666667 0.035
0 0.6621666666666667 0.706 0.043 0.032
0 0.6611666666666667 0.63725 0.04033333333333333 0.0315
0 0.6699999999999999 0.5325 0.043333333333333335 0.033
0 0.6776666666666666 0.577875 0.03933333333333333 0.03075
0 0.6923333333333334 0.756375 0.04466666666666667 0.03225
0 0.7013333333333334 0.616125 0.04066666666666666 0.02875
0 0.705 0.646625 0.04066666666666666 0.03125
0 0.7121666666666666 0.715375 0.045 0.035750000000000004
0 0.7251666666666666 0.677875 0.04633333333333333 0.03425
