0 0.22616666666666665 0.6955 0.043666666666666666 0.035500000000000004
0 0.24916666666666665 0.661 0.045 0.033
0 0.2718333333333333 0.7345 0.04833333333333333 0.038
0 0.27749999999999997 0.699375 0.045 0.03725
0 0.2871666666666667 0.624 0.04833333333333333 0.033
0 0.29916666666666664 0.654875 0.042333333333333334 0.03125
0 0.3095 0.757125 0.047 0.035250000000000004
0 0.3215 0.7232500000000001 0.04633333333333333 0.0365
0 0.3283333333333333 0.628625 0.043333333333333335 0.03125
0 0.3283333333333333 0.68375 0.04 0.032
0 0.3308333333333333 0.590375 0.043 0.03225
0 0.33866666666666667 0.800625 0.04933333333333333 0.03775
0 0.3456666666666667 0.655625 0.03866666666666667 0.029750000000000002
0 0.357 0.756 0.043333333333333335 0.0335
0 0.35566666666666663 0.557625 0.038 0.029750000000000002
0 0.36483333333333334 0.722 0.043 0.036000000000000004
0 0.371 0.83575 0.04666666666666666 0.032
0 0.3723333333333333 0.681 0.041999999999999996 0.033
0 0.37216666666666665 0.61775 0.039 0.029
0 0.382 0.586875 0.043333333333333335 0.03225
0 0.3873333333333333 0.786 0.042666666666666665 0.0335
0 0.39166666666666666 0.541125 0.042666666666666665 0.03225
0 0.39616666666666667 0.6435 0.045 0.0325
0 0.4075 0.7508750000000001 0.04633333333333333 0.035250000000000004
0 0.409 0.861375 0.048666666666666664 0.03625
0 0.41183333333333333 0.61225 0.041666666666666664 0.033
0 0.42483333333333334 0.6723750000000001 0.045 0.035750000000000004
0 0.425 0.71575 0.04066666666666666 0.031
0 0.42333333333333334 0.56975 0.03733333333333333 0.027
0 0.4395 0.5275 0.045 0.033
0 0.4465 0.636125 0.03966666666666666 0.03125
0 0.45549999999999996 0.76575 0.051 0.035500000000000004
0 0.4528333333333333 0.80125 0.04033333333333333 0.0325
0 0.45516666666666666 0.596625 0.041 0.03425
0 0.4681666666666667 0.687625 0.04433333333333333 0.03125
0 0.4671666666666667 0.7192500000000001 0.041 0.033
0 0.4746666666666666 0.5680000000000001 0.041999999999999996 0.0305
0 0.48766666666666664 0.5275 0.03733333333333333 0.029
0 0.492 0.6587500000000001 0.04 0.03
0 0.4943333333333333 0.6145 0.041999999999999996 0.033
0 0.5053333333333333 0.80675 0.04 0.034
0 0.509 0.853 0.04533333333333333 0.0375
0 0.5126666666666666 0.5806250000000001 0.041999999999999996 0.03075
0 0.522 0.731875 0.04466666666666667 0.035750000000000004
0 0.5225 0.54975 0.042333333333333334 0.032
0 0.5231666666666667 0.516875 0.042333333333333334 0.03075
0 0.5225 0.69575 0.03833333333333333 0.0305
0 0.5268333333333333 0.768875 0.04033333333333333 0.03225
0 0.5288333333333333 0.642375 0.03966666666666666 0.02925
0 0.5366666666666666 0.609125 0.044 0.03475
0 0.5511666666666667 0.80675 0.047 0.037
0 0.5549999999999999 0.57675 0.04466666666666667 0.033
0 0.5621666666666667 0.715 0.043666666666666666 0.036000000000000004
0 0.5628333333333333 0.67 0.043666666666666666 0.0335
0 0.5653333333333334 0.8482500000000001 0.048666666666666664 0.0395
0 0.5673333333333334 0.5387500000000001 0.03933333333333333 0.029500000000000002
0 0.5721666666666666 0.7455 0.041 0.03
0 0.5778333333333333 0.63025 0.043666666666666666 0.031
0 0.5893333333333333 0.7885 0.048666666666666664 0.036000000000000004
0 0.5971666666666666 0.600875 0.043666666666666666 0.03375
0 0.6028333333333333 0.688875 0.043666666666666666 0.03025
0 0.6048333333333333 0.57125 0.04566666666666667 0.032
0 0.608 0.7212500000000001 0.04 0.032
0 0.6133333333333333 0.53725 0.043333333333333335 0.0315
0 0.6158333333333333 0.658375 0.045 0.03225
0 0.6184999999999999 0.838 0.045 0.036000000000000004
0 0.633 0.627875 0.04066666666666666 0.03075
0 0.633 0.76925 0.03733333333333333 0.0305
0 0.645 0.5982500000000001 0.03933333333333333 0.029
0 0.6475 0.8043750000000001 0.04033333333333333 0.03275
0 0.6518333333333333 0.56025 0.03766666666666667 0.0275
0 0.6558333333333333 0.69275 0.03766666666666667 0.0285
0 0.6616666666666666 0.741125 0.04466666666666667 0.03475
0 0.6771666666666667 0.619625 0.043 0.03175
0 0.6835 0.664125 0.04033333333333333 0.029750000000000002
0 0.6861666666666666 0.7837500000000001 0.04033333333333333 0.031
0 0.6955 0.7115 0.039 0.0335
0 0.709 0.577 0.03933333333333333 0.029500000000000002
0 0.7111666666666666 0.747 0.03833333333333333 0.031
0 0.7231666666666666 0.636875 0.045 0.03175
0 0.7251666666666666 0.686875 0.04433333333333333 0.03375
0 0.759 0.710375 0.04066666666666666 0.03025
0 0.7778333333333333 0.680125 0.043666666666666666 0.03325
