0 0.2065 0.731375 0.06233333333333333 0.04625
0 0.20616666666666666 0.6853750000000001 0.06033333333333333 0.04625
0 0.2395 0.635625 0.061 0.04475
0 0.2738333333333333 0.584875 0.061 0.04275
0 0.27749999999999997 0.542 0.059 0.043000000000000003
0 0.29483333333333334 0.661125 0.05433333333333333 0.03925
0 0.29533333333333334 0.484125 0.054 0.03825
0 0.30583333333333335 0.813875 0.06233333333333333 0.04875
0 0.3075 0.620125 0.05233333333333333 0.03875
0 0.32 0.727875 0.052 0.03625
0 0.3288333333333333 0.572375 0.057666666666666665 0.04125
0 0.3295 0.52275 0.055 0.0395
0 0.3406666666666667 0.856 0.066 0.046
0 0.35516666666666663 0.65475 0.06033333333333333 0.0455
0 0.35433333333333333 0.77675 0.05266666666666667 0.041
0 0.35416666666666663 0.47675 0.049666666666666665 0.039
0 0.3565 0.606 0.050333333333333334 0.0375
0 0.36883333333333335 0.701375 0.059666666666666666 0.05075
0 0.3865 0.8113750000000001 0.058333333333333334 0.04775
0 0.3923333333333333 0.888 0.06866666666666667 0.0465
0 0.382 0.54775 0.048 0.035
0 0.3983333333333333 0.509125 0.048666666666666664 0.035250000000000004
0 0.4135 0.5786250000000001 0.053 0.03625
0 0.41333333333333333 0.645375 0.051333333333333335 0.03625
0 0.421 0.763 0.051333333333333335 0.04
0 0.42466666666666664 0.47750000000000004 0.04933333333333333 0.0365
0 0.42666666666666664 0.545 0.04666666666666666 0.0335
0 0.44 0.825625 0.06333333333333332 0.04875
0 0.44066666666666665 0.677125 0.04933333333333333 0.03775
0 0.447 0.513375 0.04933333333333333 0.03925
0 0.4623333333333333 0.731375 0.05533333333333333 0.043250000000000004
0 0.4603333333333333 0.894375 0.050666666666666665 0.03925
0 0.46349999999999997 0.613 0.055 0.04
0 0.47783333333333333 0.571625 0.056999999999999995 0.03875
0 0.47833333333333333 0.783 0.054 0.0405
0 0.47983333333333333 0.65475 0.055 0.043000000000000003
0 0.49466666666666664 0.853625 0.050666666666666665 0.03875
0 0.4978333333333333 0.49 0.05433333333333333 0.039
0 0.4928333333333333 0.53525 0.043666666666666666 0.0335
0 0.507 0.7036250000000001 0.048 0.03675
0 0.5146666666666666 0.747375 0.057999999999999996 0.04575
0 0.5126666666666666 0.9051250000000001 0.048666666666666664 0.03725
0 0.5263333333333333 0.6032500000000001 0.04666666666666666 0.035
0 0.5293333333333333 0.5630000000000001 0.052 0.0375
0 0.5376666666666666 0.7935 0.050666666666666665 0.0415
0 0.5383333333333333 0.523625 0.052 0.03875
0 0.5356666666666666 0.6521250000000001 0.046 0.03475
0 0.5526666666666666 0.849 0.056 0.0475
0 0.5523333333333333 0.484125 0.049999999999999996 0.035250000000000004
0 0.571 0.718125 0.05466666666666666 0.043750000000000004
0 0.5761666666666666 0.763375 0.04766666666666666 0.03925
0 0.5783333333333334 0.58325 0.051333333333333335 0.0375
0 0.5778333333333333 0.671625 0.04633333333333333 0.03625
0 0.5788333333333333 0.902 0.04833333333333333 0.0385
0 0.5908333333333333 0.626 0.051 0.0415
0 0.5886666666666667 0.5415 0.042666666666666665 0.0345
0 0.5971666666666666 0.4975 0.051 0.0365
0 0.6096666666666667 0.858375 0.04933333333333333 0.04225
0 0.6101666666666666 0.809875 0.047 0.03825
0 0.6246666666666666 0.7525000000000001 0.052 0.0445
0 0.6263333333333333 0.702875 0.050666666666666665 0.04225
0 0.6256666666666666 0.6545 0.048666666666666664 0.0395
0 0.6273333333333333 0.5786250000000001 0.050666666666666665 0.03775
0 0.6413333333333333 0.615375 0.04933333333333333 0.03925
0 0.6518333333333333 0.902875 0.05633333333333333 0.04175
0 0.6486666666666666 0.524 0.049999999999999996 0.039
0 0.6668333333333333 0.858375 0.058333333333333334 0.05025
0 0.6709999999999999 0.8083750000000001 0.04666666666666666 0.03775
0 0.6751666666666667 0.6455 0.048999999999999995 0.0385
0 0.6761666666666667 0.743125 0.045 0.03675
0 0.6803333333333333 0.6950000000000001 0.051333333333333335 0.0395
0 0.6849999999999999 0.55875 0.04533333333333333 0.0335
0 0.6861666666666666 0.5982500000000001 0.047 0.0415
0 0.7173333333333333 0.90525 0.054 0.0425
0 0.7183333333333333 0.77125 0.05466666666666666 0.0415
0 0.7205 0.6795 0.04833333333333333 0.0405
0 0.7221666666666666 0.729 0.043666666666666666 0.036000000000000004
0 0.7293333333333333 0.820875 0.05266666666666667 0.04225
0 0.7288333333333333 0.575875 0.04633333333333333 0.03375
0 0.7324999999999999 0.62475 0.047 0.035
0 0.7685 0.66025 0.05233333333333333 0.038
0 0.7741666666666667 0.708 0.048999999999999995 0.035500000000000004
0 0.7955 0.765375 0.050333333333333334 0.03925
