0 0.05683333333333333 0.477125 0.06833333333333333 0.05525
0 0.08299999999999999 0.6575 0.072 0.0495
0 0.08566666666666667 0.5982500000000001 0.06799999999999999 0.0555
0 0.09899999999999999 0.433375 0.06066666666666667 0.04675
0 0.11349999999999999 0.717 0.07166666666666667 0.058
0 0.16833333333333333 0.6411250000000001 0.072 0.05575
0 0.16216666666666665 0.59125 0.059666666666666666 0.0465
0 0.17016666666666666 0.525875 0.06833333333333333 0.04625
0 0.17466666666666666 0.40375 0.06799999999999999 0.0495
0 0.17883333333333332 0.761125 0.06899999999999999 0.04475
0 0.20383333333333334 0.451625 0.063 0.04775
0 0.21833333333333332 0.68525 0.08333333333333333 0.0545
0 0.22583333333333333 0.7977500000000001 0.063 0.0445
0 0.23933333333333331 0.52675 0.07333333333333333 0.0545
0 0.23933333333333331 0.6095 0.06333333333333332 0.048
0 0.24516666666666667 0.74075 0.06766666666666667 0.043000000000000003
0 0.25366666666666665 0.37475 0.06466666666666666 0.047
0 0.2525 0.42125 0.059666666666666666 0.043000000000000003
0 0.26816666666666666 0.47700000000000004 0.06566666666666666 0.0485
0 0.2838333333333333 0.656875 0.06366666666666666 0.05025
0 0.2885 0.83175 0.06766666666666667 0.042
0 0.29133333333333333 0.33537500000000003 0.066 0.04775
0 0.309 0.767 0.07533333333333334 0.0505
0 0.30933333333333335 0.604 0.06933333333333333 0.052000000000000005
0 0.3118333333333333 0.4295 0.059 0.046
0 0.3155 0.385875 0.06366666666666666 0.05225
0 0.32716666666666666 0.54 0.06233333333333333 0.0475
0 0.3338333333333333 0.69575 0.071 0.049
0 0.33699999999999997 0.496625 0.058666666666666666 0.04025
0 0.3511666666666667 0.6451250000000001 0.06966666666666667 0.05325
0 0.358 0.339 0.06133333333333333 0.046
0 0.35866666666666663 0.29125 0.062 0.0415
0 0.35783333333333334 0.8075 0.059666666666666666 0.052000000000000005
0 0.3733333333333333 0.871625 0.064 0.051250000000000004
0 0.3768333333333333 0.598625 0.06233333333333333 0.04425
0 0.38816666666666666 0.536875 0.06566666666666666 0.05325
0 0.389 0.391 0.058666666666666666 0.043500000000000004
0 0.3968333333333333 0.6915 0.07033333333333333 0.0455
0 0.3958333333333333 0.433 0.05433333333333333 0.0375
0 0.4013333333333333 0.756 0.06 0.0495
0 0.41533333333333333 0.833375 0.07933333333333333 0.05375
0 0.41833333333333333 0.48612500000000003 0.06799999999999999 0.05425
0 0.421 0.3105 0.056666666666666664 0.0395
0 0.43216666666666664 0.64275 0.065 0.057
0 0.43716666666666665 0.924 0.07166666666666667 0.049
0 0.43466666666666665 0.359125 0.057999999999999996 0.04025
0 0.43866666666666665 0.40825 0.05466666666666666 0.0395
0 0.45066666666666666 0.557125 0.05733333333333333 0.04275
0 0.46066666666666667 0.707875 0.06333333333333332 0.05425
0 0.4688333333333333 0.45637500000000003 0.06833333333333333 0.04575
0 0.4683333333333333 0.788875 0.057999999999999996 0.04975
0 0.48233333333333334 0.598625 0.05733333333333333 0.04175
0 0.4885 0.39025 0.061 0.0455
0 0.48916666666666664 0.509875 0.05566666666666666 0.04025
0 0.49316666666666664 0.34275 0.057666666666666665 0.038
0 0.5065 0.65825 0.06366666666666666 0.051500000000000004
0 0.5141666666666667 0.833375 0.06566666666666666 0.05225
0 0.5131666666666667 0.43012500000000004 0.056999999999999995 0.03925
0 0.5231666666666667 0.724 0.055 0.0465
0 0.53 0.472375 0.06133333333333333 0.043250000000000004
0 0.5351666666666667 0.55875 0.06366666666666666 0.05
0 0.5435 0.774 0.06899999999999999 0.0525
0 0.5449999999999999 0.606375 0.06333333333333332 0.04775
0 0.5611666666666667 0.3875 0.06166666666666666 0.0465
0 0.5616666666666666 0.515375 0.06066666666666667 0.04675
0 0.571 0.678625 0.066 0.05075
0 0.5731666666666666 0.43925000000000003 0.058333333333333334 0.043500000000000004
0 0.5845 0.73375 0.056999999999999995 0.044
0 0.6001666666666666 0.575875 0.061 0.04775
0 0.6074999999999999 0.621625 0.06166666666666666 0.05275
0 0.6104999999999999 0.478625 0.048999999999999995 0.035750000000000004
0 0.618 0.534625 0.06066666666666667 0.04475
0 0.6214999999999999 0.41000000000000003 0.05633333333333333 0.0395
0 0.6298333333333334 0.68175 0.06033333333333333 0.048
0 0.6366666666666666 0.81375 0.058666666666666666 0.052000000000000005
0 0.6575 0.445125 0.06033333333333333 0.04075
0 0.659 0.584875 0.06066666666666667 0.04625
0 0.6575 0.74275 0.05366666666666667 0.042
0 0.6876666666666666 0.4935 0.05933333333333333 0.046
0 0.6876666666666666 0.630625 0.05466666666666666 0.04225
0 0.6925 0.68725 0.061 0.0485
0 0.6976666666666667 0.542 0.05266666666666667 0.0375
0 0.7271666666666666 0.5825 0.049666666666666665 0.039
