0 0.212 0.51375 0.050666666666666665 0.036000000000000004
0 0.22916666666666666 0.435 0.04633333333333333 0.0365
0 0.24316666666666667 0.47525 0.047 0.034
0 0.24116666666666667 0.543875 0.043 0.03225
0 0.24666666666666665 0.58725 0.04666666666666666 0.036000000000000004
0 0.2683333333333333 0.511125 0.04733333333333333 0.03675
0 0.2705 0.6255000000000001 0.050333333333333334 0.035
0 0.2658333333333333 0.40475 0.03966666666666666 0.0315
0 0.2835 0.352875 0.04433333333333333 0.035250000000000004
0 0.292 0.445875 0.044 0.03425
0 0.29533333333333334 0.652875 0.04733333333333333 0.03025
0 0.30566666666666664 0.552875 0.048666666666666664 0.035750000000000004
0 0.30983333333333335 0.48962500000000003 0.043666666666666666 0.035750000000000004
0 0.31116666666666665 0.596625 0.042333333333333334 0.03325
0 0.3208333333333333 0.520875 0.04766666666666666 0.035750000000000004
0 0.3283333333333333 0.41075 0.04133333333333333 0.032
0 0.33899999999999997 0.447 0.048666666666666664 0.0365
0 0.34049999999999997 0.63175 0.04633333333333333 0.0345
0 0.3455 0.671625 0.04766666666666666 0.03725
0 0.3501666666666667 0.569375 0.045 0.03425
0 0.35233333333333333 0.37575000000000003 0.04666666666666666 0.035
0 0.36133333333333334 0.50125 0.04733333333333333 0.035500000000000004
0 0.372 0.5337500000000001 0.048666666666666664 0.0375
0 0.37366666666666665 0.603625 0.048666666666666664 0.03425
0 0.376 0.41575 0.044 0.035
0 0.3795 0.34625 0.04833333333333333 0.035
0 0.3838333333333333 0.46375 0.04566666666666667 0.035
0 0.38716666666666666 0.63525 0.045 0.0315
0 0.4046666666666667 0.66725 0.048 0.034
0 0.407 0.57325 0.044 0.034
0 0.4078333333333333 0.37375 0.043 0.032
0 0.41333333333333333 0.702875 0.04466666666666667 0.03225
0 0.41383333333333333 0.508375 0.043666666666666666 0.03175
0 0.4185 0.42912500000000003 0.04566666666666667 0.03425
0 0.42466666666666664 0.615375 0.048 0.03375
0 0.4315 0.29025 0.05233333333333333 0.043500000000000004
0 0.43816666666666665 0.536875 0.043666666666666666 0.03325
0 0.4445 0.47625 0.04633333333333333 0.035
0 0.4445 0.656 0.043666666666666666 0.029500000000000002
0 0.4493333333333333 0.35100000000000003 0.048666666666666664 0.0365
0 0.45599999999999996 0.394 0.04533333333333333 0.0375
0 0.4558333333333333 0.69075 0.041666666666666664 0.034
0 0.46216666666666667 0.5896250000000001 0.049666666666666665 0.03775
0 0.46299999999999997 0.7275 0.04133333333333333 0.0325
0 0.474 0.322625 0.046 0.03025
0 0.4736666666666666 0.44125000000000003 0.043333333333333335 0.0345
0 0.4751666666666666 0.627875 0.043666666666666666 0.03225
0 0.48716666666666664 0.55125 0.049666666666666665 0.0365
0 0.48766666666666664 0.508375 0.04466666666666667 0.03425
0 0.48716666666666664 0.659875 0.043666666666666666 0.03275
0 0.49083333333333334 0.368 0.045 0.031
0 0.5095 0.477125 0.04766666666666666 0.03425
0 0.5151666666666667 0.7388750000000001 0.04433333333333333 0.03425
0 0.5185 0.44075000000000003 0.043666666666666666 0.0325
0 0.5226666666666666 0.400125 0.04733333333333333 0.03475
0 0.5205 0.7010000000000001 0.03833333333333333 0.031
0 0.522 0.581375 0.04 0.03075
0 0.5313333333333333 0.5493750000000001 0.044 0.03325
0 0.5356666666666666 0.3425 0.041999999999999996 0.0335
0 0.5443333333333333 0.502875 0.04666666666666666 0.03425
0 0.5465 0.6607500000000001 0.047 0.035500000000000004
0 0.5465 0.6275000000000001 0.04566666666666667 0.0325
0 0.5563333333333333 0.46425 0.03933333333333333 0.034
0 0.5658333333333333 0.7025 0.04833333333333333 0.035500000000000004
0 0.5688333333333333 0.591875 0.04633333333333333 0.035250000000000004
0 0.5735 0.405625 0.042333333333333334 0.03175
0 0.5768333333333333 0.3665 0.043 0.033
0 0.5893333333333333 0.669625 0.046 0.035750000000000004
0 0.5933333333333333 0.55875 0.046 0.035
0 0.5945 0.44275000000000003 0.04766666666666666 0.0335
0 0.5923333333333333 0.500125 0.042666666666666665 0.03325
0 0.5928333333333333 0.63525 0.041666666666666664 0.033
0 0.6116666666666667 0.3895 0.042666666666666665 0.0305
0 0.6153333333333333 0.605625 0.04066666666666666 0.03125
0 0.633 0.47200000000000003 0.04733333333333333 0.035
0 0.6408333333333334 0.554875 0.04033333333333333 0.02875
0 0.645 0.647 0.04666666666666666 0.036000000000000004
0 0.6443333333333333 0.508625 0.03933333333333333 0.03175
0 0.6653333333333333 0.42512500000000003 0.04933333333333333 0.03675
0 0.6871666666666666 0.465 0.047 0.035
0 0.6871666666666666 0.61975 0.043 0.0335
0 0.7028333333333333 0.513125 0.047 0.035250000000000004
0 0.7183333333333333 0.59 0.04733333333333333 0.035500000000000004
