0 0.17775 0.4983333333333333 0.05 0.06333333333333332
0 0.19275 0.5616666666666666 0.0475 0.06999999999999999
0 0.20025 0.4463333333333333 0.0455 0.06066666666666667
0 0.21475 0.6153333333333333 0.049 0.06466666666666666
0 0.2335 0.4028333333333333 0.053 0.06966666666666667
0 0.231375 0.5016666666666667 0.04225 0.057999999999999996
0 0.241375 0.6626666666666666 0.04675 0.06066666666666667
0 0.244125 0.5705 0.04075 0.056999999999999995
0 0.259 0.7195 0.0395 0.05233333333333333
0 0.2645 0.35766666666666663 0.0465 0.05933333333333333
0 0.264625 0.45349999999999996 0.04525 0.059
0 0.2665 0.6173333333333333 0.0425 0.05533333333333333
0 0.276125 0.5101666666666667 0.04625 0.059666666666666666
0 0.2765 0.7986666666666666 0.046 0.06066666666666667
0 0.288875 0.5646666666666667 0.04675 0.06066666666666667
0 0.288375 0.6688333333333333 0.04275 0.059
0 0.29762500000000003 0.2985 0.04675 0.06833333333333333
0 0.30675 0.7168333333333333 0.041 0.051666666666666666
0 0.308375 0.6111666666666666 0.03875 0.051666666666666666
0 0.314875 0.4131666666666666 0.04475 0.06166666666666666
0 0.317375 0.48433333333333334 0.03925 0.056666666666666664
0 0.321125 0.35266666666666663 0.04525 0.05933333333333333
0 0.32775 0.7871666666666667 0.0445 0.06033333333333333
0 0.329625 0.5455 0.03875 0.053
0 0.33037500000000003 0.659 0.03875 0.051333333333333335
0 0.344875 0.7366666666666667 0.04025 0.048666666666666664
0 0.348125 0.4463333333333333 0.03825 0.04933333333333333
0 0.355 0.3145 0.0445 0.058333333333333334
0 0.35475 0.3893333333333333 0.042 0.058666666666666666
0 0.3585 0.5048333333333334 0.0395 0.05233333333333333
0 0.364 0.5795 0.04 0.05366666666666667
0 0.367875 0.7766666666666666 0.04125 0.05533333333333333
0 0.37 0.6351666666666667 0.044 0.06166666666666666
0 0.375125 0.6955 0.03825 0.051666666666666666
0 0.386625 0.3465 0.03925 0.051
0 0.39 0.45866666666666667 0.043000000000000003 0.057999999999999996
0 0.39787500000000003 0.40049999999999997 0.043250000000000004 0.055
0 0.40125 0.26166666666666666 0.0455 0.06333333333333332
0 0.39925 0.5381666666666667 0.035500000000000004 0.047
0 0.402875 0.5996666666666667 0.04175 0.06
0 0.402125 0.7356666666666667 0.03725 0.05333333333333333
0 0.417625 0.6771666666666667 0.03725 0.050333333333333334
0 0.4205 0.319 0.035500000000000004 0.048666666666666664
0 0.43175 0.49366666666666664 0.043000000000000003 0.05466666666666666
0 0.431 0.4335 0.0345 0.048999999999999995
0 0.43375 0.3705 0.0345 0.048999999999999995
0 0.437625 0.6221666666666666 0.03675 0.05366666666666667
0 0.438375 0.5543333333333333 0.035250000000000004 0.04733333333333333
0 0.444625 0.7256666666666667 0.03975 0.05333333333333333
0 0.446625 0.27649999999999997 0.035750000000000004 0.047
0 0.46575 0.6558333333333333 0.0405 0.05566666666666666
0 0.465 0.4538333333333333 0.038 0.05233333333333333
0 0.46425 0.40016666666666667 0.035 0.05433333333333333
0 0.46575 0.3303333333333333 0.0315 0.04466666666666667
0 0.46775 0.5183333333333333 0.034 0.04933333333333333
0 0.468875 0.585 0.03375 0.049999999999999996
0 0.4885 0.7133333333333333 0.0405 0.05333333333333333
0 0.488875 0.257 0.03975 0.05466666666666666
0 0.4935 0.37016666666666664 0.0365 0.053
0 0.49825 0.425 0.0365 0.048666666666666664
0 0.499375 0.611 0.035750000000000004 0.048
0 0.5025000000000001 0.5621666666666667 0.0385 0.05233333333333333
0 0.5045000000000001 0.474 0.035500000000000004 0.048666666666666664
0 0.506 0.31416666666666665 0.035500000000000004 0.051
0 0.507875 0.6626666666666666 0.03675 0.051333333333333335
0 0.521625 0.2648333333333333 0.03475 0.04633333333333333
0 0.531375 0.3928333333333333 0.03725 0.053
0 0.535 0.4515 0.036000000000000004 0.050333333333333334
0 0.538 0.5793333333333334 0.0395 0.05266666666666667
0 0.539625 0.5136666666666666 0.04125 0.054
0 0.53925 0.3363333333333333 0.0345 0.052
0 0.546625 0.6361666666666667 0.04025 0.05433333333333333
0 0.55875 0.3035 0.0325 0.047
0 0.570375 0.42116666666666663 0.03675 0.050333333333333334
0 0.569625 0.3695 0.03425 0.050333333333333334
0 0.573625 0.596 0.03725 0.049999999999999996
0 0.57825 0.48333333333333334 0.0365 0.051333333333333335
0 0.583 0.5376666666666666 0.0325 0.048
0 0.594625 0.3228333333333333 0.03425 0.049666666666666665
0 0.600875 0.3765 0.03025 0.043666666666666666
0 0.6052500000000001 0.441 0.032 0.04533333333333333
0 0.616125 0.48766666666666664 0.03825 0.05266666666666667
0 0.6165 0.5398333333333333 0.031 0.04566666666666667
