0 0.21625 0.4973333333333333 0.041 0.05466666666666666
0 0.247625 0.5376666666666666 0.04475 0.05333333333333333
0 0.2455 0.4318333333333333 0.037 0.04833333333333333
0 0.26525 0.3845 0.0405 0.05566666666666666
0 0.274625 0.33399999999999996 0.04225 0.056
0 0.275875 0.4741666666666666 0.03375 0.04633333333333333
0 0.279625 0.5715 0.04075 0.053
0 0.285875 0.5211666666666667 0.04075 0.047
0 0.289625 0.284 0.03975 0.05333333333333333
0 0.28925 0.42916666666666664 0.0385 0.049666666666666665
0 0.3035 0.3793333333333333 0.038 0.049999999999999996
0 0.312 0.23399999999999999 0.04 0.06
0 0.314125 0.33066666666666666 0.03425 0.048
0 0.317625 0.46166666666666667 0.03425 0.048
0 0.32125 0.5763333333333334 0.035 0.044
0 0.325375 0.5273333333333333 0.03425 0.044
0 0.33087500000000003 0.416 0.03375 0.04733333333333333
0 0.340875 0.2835 0.03725 0.051666666666666666
0 0.343125 0.37033333333333335 0.03725 0.05333333333333333
0 0.350625 0.6106666666666667 0.03725 0.05266666666666667
0 0.352875 0.48583333333333334 0.04025 0.05366666666666667
0 0.35275 0.22383333333333333 0.037 0.051
0 0.359 0.5558333333333333 0.0345 0.04433333333333333
0 0.36225 0.32766666666666666 0.04 0.050666666666666665
0 0.375875 0.3968333333333333 0.03625 0.04633333333333333
0 0.378125 0.44516666666666665 0.03475 0.047
0 0.383125 0.2851666666666667 0.03925 0.051
0 0.3825 0.6465 0.0375 0.049666666666666665
0 0.39175 0.22899999999999998 0.0445 0.06333333333333332
0 0.390125 0.495 0.04075 0.05266666666666667
0 0.39875 0.5413333333333333 0.042 0.04666666666666666
0 0.39787500000000003 0.347 0.03775 0.04933333333333333
0 0.39825 0.5861666666666666 0.0375 0.050333333333333334
0 0.411875 0.3983333333333333 0.03775 0.04733333333333333
0 0.41975 0.45516666666666666 0.033 0.04433333333333333
0 0.422375 0.635 0.035250000000000004 0.04933333333333333
0 0.432875 0.23066666666666666 0.03825 0.05266666666666667
0 0.43375 0.30466666666666664 0.0375 0.049999999999999996
0 0.434875 0.5011666666666666 0.035750000000000004 0.04766666666666666
0 0.43575 0.3535 0.034 0.045
0 0.43675 0.5475 0.035500000000000004 0.04833333333333333
0 0.44275000000000003 0.5918333333333333 0.035 0.04633333333333333
0 0.453625 0.39899999999999997 0.04075 0.05333333333333333
0 0.459125 0.657 0.03725 0.048666666666666664
0 0.463125 0.4593333333333333 0.03675 0.048666666666666664
0 0.4685 0.2771666666666667 0.039 0.050333333333333334
0 0.46925 0.5643333333333334 0.036000000000000004 0.048666666666666664
0 0.47000000000000003 0.328 0.0375 0.04933333333333333
0 0.47125 0.5048333333333334 0.035500000000000004 0.045
0 0.48025 0.22716666666666666 0.043000000000000003 0.05366666666666667
0 0.483375 0.6084999999999999 0.03775 0.047
0 0.49112500000000003 0.37133333333333335 0.03675 0.052
0 0.4935 0.421 0.0325 0.043333333333333335
0 0.49625 0.6526666666666666 0.0375 0.048666666666666664
0 0.502125 0.4668333333333333 0.03625 0.04833333333333333
0 0.50875 0.283 0.0385 0.04933333333333333
0 0.508375 0.33116666666666666 0.035250000000000004 0.04633333333333333
0 0.515375 0.5131666666666667 0.03325 0.045
0 0.5181250000000001 0.5711666666666666 0.03625 0.050333333333333334
0 0.52825 0.43266666666666664 0.038 0.049999999999999996
0 0.527 0.3838333333333333 0.035500000000000004 0.045
0 0.532125 0.6241666666666666 0.03175 0.045
0 0.538 0.4805 0.037 0.04833333333333333
0 0.545375 0.3433333333333333 0.03425 0.04533333333333333
0 0.547125 0.5288333333333333 0.03625 0.049666666666666665
0 0.55325 0.6643333333333333 0.0325 0.044
0 0.55875 0.5893333333333333 0.035500000000000004 0.04666666666666666
0 0.5615 0.293 0.041 0.05266666666666667
0 0.564625 0.442 0.035250000000000004 0.04733333333333333
0 0.56725 0.39116666666666666 0.031 0.043666666666666666
0 0.5760000000000001 0.48883333333333334 0.0365 0.04833333333333333
0 0.579875 0.6293333333333333 0.03425 0.04666666666666666
0 0.5825 0.3423333333333333 0.033 0.043333333333333335
0 0.58575 0.5418333333333333 0.036000000000000004 0.04766666666666666
0 0.595 0.5886666666666667 0.033 0.043333333333333335
0 0.602125 0.413 0.03625 0.048666666666666664
0 0.611125 0.5043333333333333 0.035250000000000004 0.04666666666666666
0 0.613 0.45766666666666667 0.034 0.04533333333333333
0 0.619625 0.36166666666666664 0.03475 0.048
0 0.627875 0.5439999999999999 0.03175 0.043333333333333335
0 0.6385000000000001 0.39816666666666667 0.032 0.043666666666666666
0 0.6415 0.45616666666666666 0.03 0.043666666666666666
0 0.6525 0.5033333333333333 0.0335 0.04666666666666666
