0 0.20316666666666666 0.6521250000000001 0.048999999999999995 0.03775
0 0.21033333333333332 0.695375 0.04466666666666667 0.035250000000000004
0 0.24416666666666667 0.73725 0.048999999999999995 0.0365
0 0.24766666666666665 0.62275 0.048666666666666664 0.036000000000000004
0 0.2565 0.66725 0.048999999999999995 0.037
0 0.2538333333333333 0.577125 0.04033333333333333 0.03175
0 0.2575 0.78725 0.045 0.0375
0 0.27566666666666667 0.700875 0.046 0.03625
0 0.2881666666666667 0.638 0.045 0.0315
0 0.2955 0.5095000000000001 0.049666666666666665 0.036000000000000004
0 0.29516666666666663 0.74075 0.04766666666666666 0.038
0 0.29916666666666664 0.581875 0.03966666666666666 0.03125
0 0.3095 0.777875 0.049666666666666665 0.03825
0 0.307 0.67825 0.044 0.032
0 0.31033333333333335 0.550625 0.04066666666666666 0.03275
0 0.3275 0.71375 0.047 0.0345
0 0.33199999999999996 0.639625 0.04666666666666666 0.035750000000000004
0 0.33616666666666667 0.606375 0.041666666666666664 0.03375
0 0.34049999999999997 0.519375 0.042333333333333334 0.03275
0 0.3486666666666667 0.486875 0.04733333333333333 0.03075
0 0.35466666666666663 0.763375 0.04466666666666667 0.03475
0 0.3575 0.559625 0.048999999999999995 0.03675
0 0.3595 0.6863750000000001 0.042333333333333334 0.03375
0 0.37016666666666664 0.724 0.043666666666666666 0.035500000000000004
0 0.38566666666666666 0.62825 0.048666666666666664 0.0375
0 0.3863333333333333 0.529 0.044 0.035500000000000004
0 0.39366666666666666 0.788 0.048666666666666664 0.039
0 0.39499999999999996 0.579375 0.042666666666666665 0.03175
0 0.39666666666666667 0.4935 0.04466666666666667 0.0345
0 0.4093333333333333 0.446625 0.04066666666666666 0.03075
0 0.4195 0.7505000000000001 0.05366666666666667 0.0385
0 0.42566666666666664 0.67825 0.048 0.0365
0 0.4335 0.597875 0.048999999999999995 0.03675
0 0.436 0.5165 0.04466666666666667 0.036000000000000004
0 0.4393333333333333 0.552 0.048666666666666664 0.0395
0 0.4418333333333333 0.713875 0.051 0.03875
0 0.441 0.47700000000000004 0.048666666666666664 0.0365
0 0.44416666666666665 0.63875 0.04833333333333333 0.037
0 0.4533333333333333 0.780625 0.04733333333333333 0.03775
0 0.47 0.747 0.04933333333333333 0.038
0 0.47533333333333333 0.671625 0.049999999999999996 0.03775
0 0.49116666666666664 0.58725 0.050333333333333334 0.0405
0 0.4933333333333333 0.706375 0.048666666666666664 0.035750000000000004
0 0.5038333333333334 0.784625 0.051 0.03975
0 0.5038333333333334 0.529125 0.04033333333333333 0.03025
0 0.5091666666666667 0.49275 0.042333333333333334 0.031
0 0.5215 0.747375 0.051666666666666666 0.03925
0 0.519 0.4615 0.04666666666666666 0.032
0 0.5221666666666667 0.632125 0.048999999999999995 0.03725
0 0.5408333333333333 0.677875 0.042333333333333334 0.03625
0 0.5449999999999999 0.545375 0.042666666666666665 0.03425
0 0.5563333333333333 0.5865 0.042666666666666665 0.0335
0 0.5631666666666666 0.47125 0.04766666666666666 0.0345
0 0.5663333333333334 0.6481250000000001 0.044 0.03225
0 0.57 0.514125 0.048 0.03475
0 0.5705 0.70375 0.042333333333333334 0.034
0 0.5798333333333333 0.751375 0.049666666666666665 0.03875
0 0.593 0.5563750000000001 0.04666666666666666 0.03475
0 0.6043333333333333 0.672 0.052 0.04
0 0.6131666666666666 0.615 0.04633333333333333 0.036000000000000004
0 0.62 0.516625 0.04733333333333333 0.03225
0 0.621 0.718875 0.048666666666666664 0.03875
0 0.6214999999999999 0.48175 0.041 0.0325
0 0.6288333333333334 0.581375 0.042333333333333334 0.03175
0 0.655 0.5435 0.04533333333333333 0.0365
0 0.6485 0.63875 0.03233333333333333 0.035500000000000004
0 0.6653333333333333 0.67625 0.04933333333333333 0.0365
0 0.6788333333333333 0.5876250000000001 0.045 0.035250000000000004
0 0.7356666666666667 0.616625 0.048666666666666664 0.03725
0 0.743 0.65325 0.049999999999999996 0.0385
