0 0.199875 0.41916666666666663 0.051750000000000004 0.067
0 0.2185 0.4978333333333333 0.05 0.06166666666666666
0 0.23 0.2773333333333333 0.0495 0.06333333333333332
0 0.238875 0.5533333333333333 0.05275 0.072
0 0.240875 0.36266666666666664 0.04525 0.066
0 0.244125 0.6173333333333333 0.04775 0.06733333333333333
0 0.250125 0.42683333333333334 0.04825 0.06433333333333333
0 0.26625 0.6731666666666667 0.0545 0.067
0 0.27125 0.1755 0.0455 0.057666666666666665
0 0.27125 0.2383333333333333 0.0405 0.054
0 0.28225 0.2975 0.044 0.055
0 0.286875 0.5533333333333333 0.04675 0.06333333333333332
0 0.28475 0.35466666666666663 0.042 0.056666666666666664
0 0.2885 0.4741666666666666 0.0485 0.06433333333333333
0 0.293875 0.41666666666666663 0.04625 0.06
0 0.299 0.6168333333333333 0.0445 0.065
0 0.29825 0.13733333333333334 0.0425 0.05466666666666666
0 0.314625 0.6923333333333334 0.04925 0.074
0 0.317875 0.2525 0.03775 0.048999999999999995
0 0.322125 0.19166666666666665 0.04225 0.056666666666666664
0 0.326 0.3718333333333333 0.0465 0.06166666666666666
0 0.325125 0.3138333333333333 0.04225 0.05366666666666667
0 0.329 0.5725 0.0455 0.065
0 0.328625 0.45516666666666666 0.03925 0.053
0 0.33425 0.5138333333333334 0.0425 0.05366666666666667
0 0.34700000000000003 0.1225 0.0385 0.049666666666666665
0 0.351375 0.6398333333333334 0.03975 0.05633333333333333
0 0.359125 0.41833333333333333 0.04425 0.062
0 0.358875 0.24683333333333332 0.04175 0.053
0 0.361375 0.6955 0.04575 0.06233333333333333
0 0.359125 0.17066666666666666 0.04075 0.06
0 0.363 0.301 0.04 0.05933333333333333
0 0.366 0.35683333333333334 0.0375 0.053
0 0.3705 0.5886666666666667 0.046 0.06
0 0.372 0.48116666666666663 0.0405 0.05366666666666667
0 0.379875 0.5325 0.03925 0.057666666666666665
0 0.383125 0.09983333333333333 0.04475 0.053
0 0.39187500000000003 0.6408333333333334 0.04075 0.057666666666666665
0 0.39537500000000003 0.21883333333333332 0.04475 0.058333333333333334
0 0.39725 0.33266666666666667 0.042 0.05333333333333333
0 0.39725 0.161 0.04 0.05333333333333333
0 0.39837500000000003 0.27749999999999997 0.04125 0.05233333333333333
0 0.404375 0.3923333333333333 0.043250000000000004 0.06
0 0.40525 0.694 0.0445 0.057999999999999996
0 0.40875 0.5943333333333333 0.038 0.05266666666666667
0 0.41575 0.45566666666666666 0.035 0.052
0 0.42125 0.5185 0.0375 0.053
0 0.42275 0.13166666666666665 0.038 0.048666666666666664
0 0.433375 0.30383333333333334 0.03975 0.056999999999999995
0 0.43375 0.19366666666666665 0.0395 0.05266666666666667
0 0.434875 0.6455 0.03975 0.05233333333333333
0 0.43575 0.25116666666666665 0.0385 0.05366666666666667
0 0.44125000000000003 0.36783333333333335 0.038 0.051666666666666666
0 0.44775000000000004 0.7021666666666666 0.0395 0.055
0 0.446625 0.42066666666666663 0.03675 0.052
0 0.450875 0.5965 0.03875 0.051
0 0.457625 0.5413333333333333 0.043250000000000004 0.05733333333333333
0 0.45675 0.48716666666666664 0.04 0.056999999999999995
0 0.468125 0.17099999999999999 0.03475 0.049999999999999996
0 0.471625 0.6506666666666666 0.03775 0.05266666666666667
0 0.477875 0.288 0.04075 0.057999999999999996
0 0.47825 0.225 0.0385 0.056666666666666664
0 0.481875 0.4101666666666667 0.03475 0.048999999999999995
0 0.48325 0.36033333333333334 0.037 0.04933333333333333
0 0.48575 0.46366666666666667 0.0395 0.054
0 0.495375 0.5695 0.03425 0.049666666666666665
0 0.5025000000000001 0.7256666666666667 0.0405 0.05466666666666666
0 0.504375 0.18566666666666667 0.03725 0.05333333333333333
0 0.50475 0.6224999999999999 0.033 0.050333333333333334
0 0.508 0.5143333333333333 0.034 0.049999999999999996
0 0.514625 0.32916666666666666 0.03875 0.05366666666666667
0 0.513375 0.39116666666666666 0.03425 0.047
0 0.5181250000000001 0.2593333333333333 0.03625 0.054
0 0.52 0.4543333333333333 0.0385 0.056
0 0.52275 0.6673333333333333 0.04 0.05466666666666666
0 0.53325 0.5616666666666666 0.035500000000000004 0.050666666666666665
0 0.53725 0.21833333333333332 0.0345 0.048666666666666664
0 0.539125 0.6163333333333333 0.035750000000000004 0.050666666666666665
0 0.542375 0.30216666666666664 0.035250000000000004 0.05366666666666667
0 0.545875 0.41 0.03475 0.048
0 0.548625 0.5136666666666666 0.03875 0.051333333333333335
0 0.55175 0.35283333333333333 0.0395 0.05433333333333333
0 0.5650000000000001 0.4608333333333333 0.038 0.051666666666666666
