0 0.22575 0.37066666666666664 0.043000000000000003 0.05533333333333333
0 0.225625 0.3215 0.03625 0.04833333333333333
0 0.2505 0.4715 0.0455 0.058333333333333334
0 0.247375 0.2675 0.03425 0.04766666666666666
0 0.256875 0.415 0.035750000000000004 0.04533333333333333
0 0.26075 0.21816666666666665 0.041 0.053
0 0.26675 0.33749999999999997 0.0405 0.05233333333333333
0 0.2785 0.2881666666666667 0.0395 0.051666666666666666
0 0.29975 0.5923333333333333 0.052000000000000005 0.058666666666666666
0 0.29275 0.44266666666666665 0.0375 0.049999999999999996
0 0.293875 0.38266666666666665 0.035750000000000004 0.048
0 0.29925 0.5231666666666667 0.0445 0.056999999999999995
0 0.29875 0.24733333333333332 0.0385 0.04666666666666666
0 0.3035 0.2045 0.035 0.04633333333333333
0 0.31675000000000003 0.3421666666666667 0.04 0.049666666666666665
0 0.319625 0.47883333333333333 0.035750000000000004 0.04766666666666666
0 0.327 0.2886666666666667 0.0415 0.054
0 0.328125 0.419 0.03675 0.049999999999999996
0 0.3345 0.5555 0.043000000000000003 0.056999999999999995
0 0.33975 0.23616666666666666 0.04 0.051
0 0.34600000000000003 0.6273333333333333 0.041 0.054
0 0.34650000000000003 0.3745 0.0395 0.04833333333333333
0 0.35050000000000003 0.188 0.033 0.046
0 0.357 0.45616666666666666 0.041 0.055
0 0.35725 0.5116666666666666 0.0415 0.052
0 0.358375 0.3268333333333333 0.03825 0.048999999999999995
0 0.3705 0.2763333333333333 0.038 0.04666666666666666
0 0.375875 0.4115 0.035750000000000004 0.04633333333333333
0 0.3815 0.5565 0.045 0.05433333333333333
0 0.383125 0.16666666666666666 0.03925 0.049999999999999996
0 0.384125 0.36716666666666664 0.03925 0.04766666666666666
0 0.38825 0.646 0.047 0.062
0 0.3855 0.21933333333333332 0.038 0.054
0 0.393625 0.316 0.03625 0.05266666666666667
0 0.39887500000000004 0.509 0.035750000000000004 0.04733333333333333
0 0.40125 0.4563333333333333 0.0405 0.054
0 0.41575 0.2643333333333333 0.041 0.052
0 0.418125 0.608 0.04125 0.056666666666666664
0 0.41775 0.39966666666666667 0.0395 0.056
0 0.421625 0.6851666666666666 0.04075 0.05566666666666666
0 0.421625 0.158 0.03475 0.041999999999999996
0 0.427875 0.2055 0.035250000000000004 0.047
0 0.43025 0.35233333333333333 0.035500000000000004 0.04733333333333333
0 0.431875 0.5403333333333333 0.03775 0.049999999999999996
0 0.44075000000000003 0.48666666666666664 0.0385 0.04933333333333333
0 0.455125 0.3065 0.03725 0.04833333333333333
0 0.45687500000000003 0.5855 0.03925 0.057666666666666665
0 0.45675 0.6381666666666667 0.0375 0.050333333333333334
0 0.45675 0.43516666666666665 0.0335 0.04633333333333333
0 0.46025 0.2565 0.0385 0.04766666666666666
0 0.4595 0.38266666666666665 0.035 0.046
0 0.4635 0.7011666666666666 0.0415 0.06366666666666666
0 0.4665 0.2125 0.038 0.04833333333333333
0 0.47050000000000003 0.517 0.0345 0.04733333333333333
0 0.47825 0.3443333333333333 0.038 0.04733333333333333
0 0.49075 0.5621666666666667 0.0385 0.05566666666666666
0 0.490375 0.471 0.03625 0.050666666666666665
0 0.49162500000000003 0.30233333333333334 0.03425 0.04733333333333333
0 0.498125 0.42 0.04025 0.051333333333333335
0 0.499375 0.23866666666666667 0.03975 0.05266666666666667
0 0.50175 0.6126666666666667 0.0385 0.049999999999999996
0 0.503625 0.6736666666666666 0.04075 0.056666666666666664
0 0.50875 0.378 0.039 0.046
0 0.5185 0.533 0.0345 0.04666666666666666
0 0.5255 0.2838333333333333 0.036000000000000004 0.049666666666666665
0 0.528625 0.4543333333333333 0.04125 0.054
0 0.527875 0.33716666666666667 0.03825 0.053
0 0.5295 0.5783333333333334 0.035500000000000004 0.04933333333333333
0 0.536375 0.6386666666666666 0.04025 0.056
0 0.547 0.49966666666666665 0.035 0.04466666666666667
0 0.5493750000000001 0.39216666666666666 0.03375 0.045
0 0.560375 0.5449999999999999 0.03625 0.04733333333333333
0 0.5630000000000001 0.302 0.0385 0.05266666666666667
0 0.564125 0.6003333333333333 0.03775 0.056666666666666664
0 0.568125 0.4418333333333333 0.03225 0.04433333333333333
0 0.577875 0.35266666666666663 0.03775 0.052
0 0.59 0.40149999999999997 0.034 0.04833333333333333
0 0.590375 0.5173333333333333 0.03425 0.04933333333333333
0 0.600125 0.4705 0.03375 0.04633333333333333
0 0.600125 0.5716666666666667 0.03325 0.04733333333333333
0 0.62125 0.4368333333333333 0.035500000000000004 0.04633333333333333
0 0.63525 0.4835 0.0405 0.051666666666666666
0 0.647375 0.5403333333333333 0.03975 0.052
