0 0.2465 0.5371666666666667 0.0345 0.04833333333333333
0 0.266625 0.4761666666666666 0.03275 0.041666666666666664
0 0.27825 0.5693333333333334 0.034 0.04666666666666666
0 0.279625 0.4335 0.03475 0.04633333333333333
0 0.28375 0.38916666666666666 0.035500000000000004 0.04566666666666667
0 0.292375 0.344 0.035250000000000004 0.04933333333333333
0 0.29625 0.5091666666666667 0.032 0.042333333333333334
0 0.305375 0.4678333333333333 0.03325 0.042333333333333334
0 0.308 0.29783333333333334 0.0345 0.047
0 0.3085 0.5945 0.0345 0.04566666666666667
0 0.308125 0.5496666666666666 0.03175 0.04533333333333333
0 0.313375 0.42283333333333334 0.03175 0.042333333333333334
0 0.316875 0.382 0.03025 0.041999999999999996
0 0.331625 0.49266666666666664 0.03025 0.043333333333333335
0 0.3375 0.33499999999999996 0.0315 0.041999999999999996
0 0.340125 0.45066666666666666 0.03375 0.043333333333333335
0 0.34225 0.2836666666666667 0.032 0.04733333333333333
0 0.342 0.5469999999999999 0.0305 0.04133333333333333
0 0.3435 0.5913333333333333 0.032 0.041999999999999996
0 0.344875 0.4106666666666667 0.03275 0.04533333333333333
0 0.35825 0.3705 0.033 0.04633333333333333
0 0.36325 0.5095 0.0335 0.043666666666666666
0 0.370875 0.6184999999999999 0.03425 0.045
0 0.372875 0.3303333333333333 0.03475 0.046
0 0.3765 0.2815 0.0385 0.05633333333333333
0 0.37475 0.569 0.031 0.041999999999999996
0 0.37675000000000003 0.42916666666666664 0.0315 0.041666666666666664
0 0.381375 0.4706666666666667 0.03325 0.041999999999999996
0 0.391625 0.3813333333333333 0.03175 0.044
0 0.3965 0.5111666666666667 0.034 0.045
0 0.4025 0.6425 0.033 0.047
0 0.408375 0.5496666666666666 0.03275 0.041999999999999996
0 0.40800000000000003 0.4255 0.0315 0.041666666666666664
0 0.409875 0.5918333333333333 0.03325 0.045
0 0.413375 0.2723333333333333 0.03325 0.043333333333333335
0 0.4185 0.4721666666666666 0.0325 0.03966666666666666
0 0.41925 0.3396666666666667 0.0335 0.043333333333333335
0 0.42475 0.3825 0.033 0.042333333333333334
0 0.43775000000000003 0.631 0.0325 0.043333333333333335
0 0.437625 0.5105 0.029750000000000002 0.03966666666666666
0 0.4415 0.5501666666666667 0.03 0.042333333333333334
0 0.445 0.4195 0.0325 0.04566666666666667
0 0.447 0.3095 0.0345 0.043666666666666666
0 0.4525 0.353 0.035500000000000004 0.04533333333333333
0 0.450625 0.5883333333333333 0.03025 0.04133333333333333
0 0.45475 0.26366666666666666 0.036000000000000004 0.046
0 0.458 0.4701666666666667 0.0325 0.04566666666666667
0 0.46975 0.5096666666666666 0.0315 0.042666666666666665
0 0.471625 0.6408333333333334 0.03275 0.043666666666666666
0 0.470875 0.5599999999999999 0.03125 0.04466666666666667
0 0.473875 0.389 0.03325 0.043333333333333335
0 0.48025 0.43066666666666664 0.0305 0.04
0 0.483375 0.30816666666666664 0.03375 0.041666666666666664
0 0.48812500000000003 0.5991666666666666 0.03325 0.043666666666666666
0 0.48762500000000003 0.3501666666666667 0.03075 0.03833333333333333
0 0.49312500000000004 0.47 0.03025 0.044
0 0.50325 0.6341666666666667 0.032 0.04566666666666667
0 0.50675 0.3943333333333333 0.0305 0.041999999999999996
0 0.507875 0.509 0.03075 0.04133333333333333
0 0.513 0.435 0.032 0.043333333333333335
0 0.515375 0.5601666666666667 0.03375 0.04566666666666667
0 0.51975 0.35433333333333333 0.0325 0.04133333333333333
0 0.526 0.4775 0.0325 0.043
0 0.533 0.3085 0.035 0.04433333333333333
0 0.530625 0.6048333333333333 0.029750000000000002 0.04033333333333333
0 0.53925 0.519 0.0315 0.041999999999999996
0 0.5427500000000001 0.3938333333333333 0.0305 0.04033333333333333
0 0.545 0.4388333333333333 0.032 0.041666666666666664
0 0.55325 0.5685 0.0335 0.045
0 0.552875 0.351 0.03025 0.03933333333333333
0 0.55475 0.6366666666666666 0.031 0.03866666666666667
0 0.55875 0.47916666666666663 0.0325 0.04433333333333333
0 0.573125 0.5221666666666667 0.03225 0.042333333333333334
0 0.577 0.6023333333333333 0.0315 0.041999999999999996
0 0.5786250000000001 0.4033333333333333 0.02875 0.044
0 0.5865 0.5626666666666666 0.029500000000000002 0.04133333333333333
0 0.59 0.35516666666666663 0.0315 0.043
0 0.59075 0.4445 0.0285 0.03966666666666666
0 0.59275 0.487 0.032 0.043333333333333335
0 0.608375 0.38716666666666666 0.03075 0.041
0 0.6095 0.5183333333333333 0.0315 0.04
0 0.617375 0.4383333333333333 0.03125 0.03933333333333333
0 0.6305000000000001 0.47866666666666663 0.031 0.043333333333333335
