0 0.166125 0.5205 0.04625 0.059
0 0.199375 0.5721666666666666 0.051250000000000004 0.059666666666666666
0 0.20175 0.45266666666666666 0.0455 0.05333333333333333
0 0.22475 0.40299999999999997 0.043500000000000004 0.06066666666666667
0 0.23500000000000001 0.6094999999999999 0.043500000000000004 0.058333333333333334
0 0.232875 0.5043333333333333 0.03825 0.05333333333333333
0 0.23825000000000002 0.34833333333333333 0.0455 0.06133333333333333
0 0.24075 0.5543333333333333 0.043000000000000003 0.051333333333333335
0 0.25025000000000003 0.4543333333333333 0.0455 0.056
0 0.257 0.29366666666666663 0.0445 0.062
0 0.2685 0.4033333333333333 0.0425 0.056
0 0.278625 0.62 0.04125 0.05333333333333333
0 0.28150000000000003 0.4933333333333333 0.038 0.051333333333333335
0 0.284125 0.3506666666666667 0.04175 0.054
0 0.286125 0.24066666666666667 0.04525 0.06333333333333332
0 0.283625 0.5653333333333334 0.03725 0.050666666666666665
0 0.297875 0.4438333333333333 0.04025 0.051666666666666666
0 0.309 0.6606666666666666 0.041 0.05466666666666666
0 0.313375 0.39449999999999996 0.04425 0.06033333333333333
0 0.3175 0.5225 0.047 0.06033333333333333
0 0.316125 0.30033333333333334 0.04125 0.056
0 0.321625 0.6021666666666666 0.03775 0.048999999999999995
0 0.33175 0.235 0.0415 0.06
0 0.33725 0.3476666666666667 0.045 0.06
0 0.34525 0.7028333333333333 0.0415 0.05433333333333333
0 0.34725 0.481 0.041 0.05266666666666667
0 0.34875 0.42833333333333334 0.0395 0.050666666666666665
0 0.3605 0.535 0.0455 0.06133333333333333
0 0.364 0.30333333333333334 0.0455 0.06
0 0.364 0.6388333333333334 0.043000000000000003 0.058333333333333334
0 0.367 0.5871666666666666 0.0465 0.05433333333333333
0 0.376875 0.24383333333333332 0.05075 0.07166666666666667
0 0.377875 0.37516666666666665 0.03875 0.055
0 0.389125 0.434 0.03975 0.05266666666666667
0 0.390375 0.6945 0.03825 0.05633333333333333
0 0.39375 0.4963333333333333 0.04 0.05466666666666666
0 0.40825 0.5996666666666667 0.039 0.051333333333333335
0 0.41075 0.5491666666666667 0.0405 0.05366666666666667
0 0.413125 0.6486666666666666 0.03625 0.052
0 0.418125 0.33316666666666667 0.04475 0.059666666666666666
0 0.41925 0.3858333333333333 0.039 0.051
0 0.42275 0.24633333333333332 0.045 0.06
0 0.42975 0.72 0.043000000000000003 0.05733333333333333
0 0.4365 0.4358333333333333 0.0465 0.059666666666666666
0 0.4435 0.5043333333333333 0.0455 0.06133333333333333
0 0.445125 0.6204999999999999 0.04075 0.056999999999999995
0 0.4525 0.5585 0.037 0.051
0 0.458 0.6705 0.044 0.055
0 0.458 0.36066666666666664 0.043000000000000003 0.05533333333333333
0 0.461 0.30083333333333334 0.045 0.06233333333333333
0 0.47200000000000003 0.7193333333333333 0.042 0.05266666666666667
0 0.47600000000000003 0.24916666666666665 0.0465 0.06233333333333333
0 0.47825 0.4121666666666666 0.043000000000000003 0.058333333333333334
0 0.479125 0.46399999999999997 0.035750000000000004 0.049999999999999996
0 0.48775 0.5143333333333333 0.0365 0.056666666666666664
0 0.499 0.6351666666666667 0.042 0.05633333333333333
0 0.499375 0.5683333333333334 0.04025 0.05333333333333333
0 0.504875 0.3133333333333333 0.04475 0.05733333333333333
0 0.5025000000000001 0.36733333333333335 0.038 0.051333333333333335
0 0.51 0.6975 0.0365 0.051
0 0.5185 0.48233333333333334 0.0425 0.05733333333333333
0 0.5185 0.42933333333333334 0.0395 0.05266666666666667
0 0.5275 0.5351666666666667 0.0405 0.05566666666666666
0 0.535 0.5908333333333333 0.041 0.056999999999999995
0 0.533375 0.7403333333333333 0.03625 0.04533333333333333
0 0.5427500000000001 0.6573333333333333 0.043000000000000003 0.05466666666666666
0 0.54225 0.385 0.037 0.052
0 0.558 0.49416666666666664 0.043000000000000003 0.056999999999999995
0 0.565375 0.3293333333333333 0.04775 0.06266666666666666
0 0.56575 0.7043333333333333 0.043500000000000004 0.05533333333333333
0 0.56775 0.5486666666666666 0.0415 0.058666666666666666
0 0.565375 0.43716666666666665 0.03625 0.048999999999999995
0 0.578375 0.6053333333333333 0.04175 0.056666666666666664
0 0.5836250000000001 0.38716666666666666 0.03625 0.048999999999999995
0 0.585 0.6591666666666667 0.037 0.050333333333333334
0 0.606 0.46366666666666667 0.0385 0.052
0 0.60875 0.5685 0.042 0.05433333333333333
0 0.61225 0.5153333333333333 0.0365 0.05266666666666667
0 0.622375 0.6121666666666666 0.03675 0.048999999999999995
0 0.6275000000000001 0.4058333333333333 0.0395 0.055
0 0.645875 0.45066666666666666 0.03625 0.04933333333333333
0 0.646625 0.5193333333333333 0.03675 0.050666666666666665
0 0.65325 0.5705 0.0385 0.05633333333333333
