0 0.167625 0.3933333333333333 0.04225 0.05266666666666667
0 0.16925 0.45199999999999996 0.045 0.057999999999999996
0 0.177625 0.3243333333333333 0.04275 0.058666666666666666
0 0.182375 0.5148333333333334 0.04525 0.05433333333333333
0 0.194375 0.571 0.03925 0.049999999999999996
0 0.19825 0.2801666666666667 0.0425 0.053
0 0.2155 0.42966666666666664 0.037 0.05266666666666667
0 0.218375 0.48216666666666663 0.03775 0.049666666666666665
0 0.227375 0.36266666666666664 0.03825 0.052
0 0.231375 0.535 0.03675 0.049999999999999996
0 0.246 0.6361666666666667 0.042 0.057666666666666665
0 0.248 0.5795 0.0395 0.050333333333333334
0 0.25325000000000003 0.2618333333333333 0.043500000000000004 0.061
0 0.252875 0.41083333333333333 0.03975 0.05433333333333333
0 0.2575 0.4658333333333333 0.0425 0.05433333333333333
0 0.261375 0.3183333333333333 0.04125 0.054
0 0.264875 0.205 0.04175 0.05466666666666666
0 0.27175 0.5133333333333333 0.037 0.048666666666666664
0 0.28450000000000003 0.36 0.0345 0.043333333333333335
0 0.2885 0.5788333333333333 0.035500000000000004 0.047
0 0.290625 0.4105 0.03625 0.051
0 0.29325 0.27399999999999997 0.039 0.05266666666666667
0 0.29762500000000003 0.46749999999999997 0.03625 0.04833333333333333
0 0.3025 0.6386666666666666 0.0395 0.054
0 0.3095 0.1725 0.042 0.05366666666666667
0 0.313625 0.23199999999999998 0.043250000000000004 0.058666666666666666
0 0.31275000000000003 0.5356666666666666 0.0405 0.05266666666666667
0 0.3165 0.321 0.041 0.054
0 0.32225 0.3828333333333333 0.04 0.051666666666666666
0 0.328 0.595 0.0345 0.048666666666666664
0 0.32825 0.4385 0.0335 0.04766666666666666
0 0.3355 0.4958333333333333 0.0345 0.04566666666666667
0 0.341875 0.6356666666666666 0.04125 0.049999999999999996
0 0.34850000000000003 0.21383333333333332 0.04 0.048999999999999995
0 0.348375 0.5521666666666667 0.03425 0.04633333333333333
0 0.35225 0.286 0.037 0.050666666666666665
0 0.358125 0.33816666666666667 0.03425 0.04633333333333333
0 0.365375 0.39549999999999996 0.03725 0.051666666666666666
0 0.37075 0.16133333333333333 0.0395 0.05466666666666666
0 0.3715 0.5996666666666667 0.037 0.04466666666666667
0 0.373375 0.46399999999999997 0.03475 0.04533333333333333
0 0.376875 0.5131666666666667 0.03925 0.05366666666666667
0 0.376375 0.24316666666666667 0.035750000000000004 0.047
0 0.38625 0.31033333333333335 0.0365 0.048
0 0.390125 0.36116666666666664 0.03725 0.04833333333333333
0 0.392 0.5589999999999999 0.034 0.04666666666666666
0 0.39637500000000003 0.4225 0.03275 0.043
0 0.405625 0.6038333333333333 0.03875 0.049666666666666665
0 0.408375 0.19749999999999998 0.03375 0.04566666666666667
0 0.410625 0.26516666666666666 0.03825 0.04833333333333333
0 0.41225 0.4715 0.038 0.049666666666666665
0 0.417375 0.14716666666666667 0.04025 0.05433333333333333
0 0.420875 0.521 0.03675 0.048666666666666664
0 0.42075 0.3175 0.0365 0.048999999999999995
0 0.422 0.3908333333333333 0.0345 0.04566666666666667
0 0.433 0.44066666666666665 0.0315 0.041999999999999996
0 0.437625 0.5746666666666667 0.03675 0.04933333333333333
0 0.439625 0.23016666666666666 0.03825 0.049666666666666665
0 0.44775000000000004 0.2793333333333333 0.0385 0.04933333333333333
0 0.44475000000000003 0.4825 0.032 0.04566666666666667
0 0.44625000000000004 0.35183333333333333 0.032 0.04633333333333333
0 0.45437500000000003 0.4051666666666667 0.03375 0.04633333333333333
0 0.45637500000000003 0.18416666666666667 0.03375 0.04766666666666666
0 0.45875 0.5361666666666667 0.033 0.04833333333333333
0 0.468875 0.45016666666666666 0.03775 0.048999999999999995
0 0.47325 0.24916666666666665 0.035 0.051
0 0.47825 0.318 0.035 0.04933333333333333
0 0.481 0.4968333333333333 0.036000000000000004 0.048999999999999995
0 0.5005000000000001 0.3788333333333333 0.0325 0.043
0 0.50875 0.2816666666666667 0.036000000000000004 0.04666666666666666
0 0.51075 0.33316666666666667 0.036000000000000004 0.050333333333333334
0 0.51375 0.46366666666666667 0.0335 0.051333333333333335
0 0.529875 0.39716666666666667 0.03025 0.043
