0 0.147125 0.4735 0.03875 0.051
0 0.1645 0.39349999999999996 0.035500000000000004 0.048999999999999995
0 0.174625 0.5346666666666666 0.03825 0.04666666666666666
0 0.184875 0.4493333333333333 0.03425 0.048
0 0.19425 0.35283333333333333 0.035 0.051666666666666666
0 0.197625 0.5725 0.03875 0.04833333333333333
0 0.20350000000000001 0.4111666666666667 0.035500000000000004 0.04766666666666666
0 0.20675000000000002 0.48883333333333334 0.0315 0.043666666666666666
0 0.2165 0.5361666666666667 0.033 0.042333333333333334
0 0.2255 0.30866666666666664 0.037 0.049999999999999996
0 0.229 0.3728333333333333 0.035 0.04766666666666666
0 0.234125 0.5871666666666666 0.03325 0.04833333333333333
0 0.24 0.44266666666666665 0.032 0.043333333333333335
0 0.2455 0.49416666666666664 0.038 0.04833333333333333
0 0.249 0.6256666666666666 0.0335 0.04733333333333333
0 0.25425000000000003 0.5393333333333333 0.0305 0.041999999999999996
0 0.2595 0.4033333333333333 0.037 0.04933333333333333
0 0.259875 0.2845 0.03625 0.049666666666666665
0 0.260125 0.3451666666666667 0.03275 0.04433333333333333
0 0.271125 0.5878333333333333 0.035250000000000004 0.041666666666666664
0 0.281875 0.4983333333333333 0.03325 0.046
0 0.28350000000000003 0.645 0.035 0.048
0 0.28200000000000003 0.446 0.032 0.04466666666666667
0 0.2905 0.3733333333333333 0.036000000000000004 0.050666666666666665
0 0.292 0.5485 0.0385 0.049666666666666665
0 0.304125 0.2623333333333333 0.03775 0.049999999999999996
0 0.306625 0.3265 0.03325 0.04433333333333333
0 0.309 0.6013333333333333 0.0365 0.048666666666666664
0 0.308375 0.4126666666666666 0.03325 0.043333333333333335
0 0.31175 0.46299999999999997 0.0325 0.042666666666666665
0 0.3205 0.6506666666666666 0.035500000000000004 0.048
0 0.32125 0.521 0.033 0.044
0 0.33425 0.5643333333333334 0.034 0.04933333333333333
0 0.33575 0.3835 0.032 0.043666666666666666
0 0.34175 0.4305 0.037 0.050333333333333334
0 0.34175 0.26066666666666666 0.035 0.046
0 0.344375 0.6053333333333333 0.03375 0.041999999999999996
0 0.34750000000000003 0.34049999999999997 0.035500000000000004 0.045
0 0.355375 0.6543333333333333 0.03625 0.052
0 0.35775 0.4815 0.035500000000000004 0.047
0 0.357 0.5258333333333333 0.0325 0.043666666666666666
0 0.36612500000000003 0.5715 0.03275 0.041666666666666664
0 0.375625 0.3065 0.03825 0.051666666666666666
0 0.376375 0.39699999999999996 0.03825 0.04933333333333333
0 0.37725000000000003 0.6163333333333333 0.0365 0.049999999999999996
0 0.3905 0.35283333333333333 0.037 0.050333333333333334
0 0.388 0.44666666666666666 0.032 0.04133333333333333
0 0.39237500000000003 0.6719999999999999 0.03825 0.048
0 0.39087500000000003 0.5361666666666667 0.03475 0.042333333333333334
0 0.39287500000000003 0.4885 0.035750000000000004 0.04566666666666667
0 0.397125 0.5788333333333333 0.035250000000000004 0.047
0 0.413375 0.41733333333333333 0.03675 0.04666666666666666
0 0.416125 0.29616666666666663 0.03725 0.051666666666666666
0 0.42 0.46116666666666667 0.035 0.04633333333333333
0 0.42825 0.35533333333333333 0.038 0.054
0 0.428375 0.5445 0.03325 0.045
0 0.4345 0.5038333333333334 0.035 0.04633333333333333
0 0.4395 0.6148333333333333 0.034 0.043666666666666666
0 0.443875 0.6558333333333333 0.03175 0.041666666666666664
0 0.4525 0.422 0.0315 0.042666666666666665
0 0.45725 0.3263333333333333 0.0365 0.04933333333333333
0 0.45675 0.3803333333333333 0.034 0.04733333333333333
0 0.4595 0.4668333333333333 0.0365 0.04766666666666666
0 0.466125 0.5621666666666667 0.03625 0.048999999999999995
0 0.469625 0.5126666666666666 0.035250000000000004 0.04933333333333333
0 0.472375 0.606 0.03375 0.046
0 0.49475 0.479 0.034 0.048
0 0.4955 0.435 0.0325 0.04666666666666666
0 0.4985 0.37866666666666665 0.037 0.04666666666666666
0 0.50325 0.5283333333333333 0.0335 0.04533333333333333
0 0.503625 0.5788333333333333 0.03425 0.047
0 0.529125 0.41816666666666663 0.03325 0.047
0 0.531 0.474 0.0335 0.04133333333333333
