0 0.178625 0.4708333333333333 0.05075 0.063
0 0.19975 0.5565 0.0385 0.05433333333333333
0 0.214375 0.4085 0.04825 0.06366666666666666
0 0.228125 0.4855 0.05025 0.063
0 0.2335 0.6068333333333333 0.0365 0.050333333333333334
0 0.24175 0.5528333333333333 0.036000000000000004 0.053
0 0.252 0.36133333333333334 0.047 0.06533333333333333
0 0.26775 0.42033333333333334 0.0425 0.06133333333333333
0 0.275875 0.2836666666666667 0.04875 0.07866666666666666
0 0.296625 0.34833333333333333 0.04875 0.06666666666666667
0 0.291125 0.6136666666666667 0.03675 0.051333333333333335
0 0.298 0.4943333333333333 0.043000000000000003 0.057999999999999996
0 0.30112500000000003 0.5486666666666666 0.035750000000000004 0.05533333333333333
0 0.31625000000000003 0.43416666666666665 0.048 0.06633333333333333
0 0.34275 0.605 0.04 0.05266666666666667
0 0.3535 0.4713333333333333 0.045 0.06066666666666667
0 0.355 0.532 0.0465 0.062
0 0.355375 0.2881666666666667 0.04625 0.059
0 0.366 0.3595 0.0475 0.06566666666666666
0 0.39025 0.41483333333333333 0.041 0.055
0 0.3885 0.585 0.037 0.049999999999999996
0 0.399 0.4741666666666666 0.0455 0.061
0 0.40025 0.31916666666666665 0.0415 0.065
0 0.42675 0.5305 0.0445 0.06033333333333333
0 0.427875 0.36583333333333334 0.04275 0.06166666666666666
0 0.43725 0.5938333333333333 0.043500000000000004 0.06033333333333333
0 0.439625 0.29383333333333334 0.043750000000000004 0.06033333333333333
0 0.447 0.47966666666666663 0.0475 0.06266666666666666
0 0.47050000000000003 0.352 0.046 0.062
0 0.470875 0.5361666666666667 0.04425 0.05633333333333333
0 0.506 0.4091666666666667 0.0395 0.05233333333333333
0 0.517 0.46549999999999997 0.0365 0.051
