0 0.14975 0.32066666666666666 0.056 0.07266666666666667
0 0.18 0.521 0.056 0.06466666666666666
0 0.1835 0.409 0.05 0.06466666666666666
0 0.197 0.6111666666666666 0.0505 0.067
0 0.207875 0.35416666666666663 0.05275 0.071
0 0.23900000000000002 0.4713333333333333 0.052000000000000005 0.07866666666666666
0 0.24775 0.5685 0.054 0.06566666666666666
0 0.25175000000000003 0.23583333333333334 0.052000000000000005 0.06033333333333333
0 0.27325 0.6403333333333333 0.048 0.05333333333333333
0 0.29725 0.20783333333333331 0.0535 0.06233333333333333
0 0.30375 0.40049999999999997 0.0525 0.063
0 0.305375 0.26916666666666667 0.04825 0.06166666666666666
0 0.310625 0.5898333333333333 0.04625 0.07166666666666667
0 0.324875 0.6506666666666666 0.04125 0.05333333333333333
0 0.33137500000000003 0.4573333333333333 0.043750000000000004 0.062
0 0.3435 0.23416666666666666 0.044 0.06033333333333333
0 0.353625 0.38816666666666666 0.04525 0.061
0 0.36225 0.181 0.05 0.058666666666666666
0 0.361875 0.28983333333333333 0.04225 0.057666666666666665
0 0.369625 0.4958333333333333 0.03825 0.050333333333333334
0 0.388375 0.585 0.03825 0.056
0 0.40375 0.2455 0.0465 0.058333333333333334
0 0.40375 0.35083333333333333 0.0465 0.065
0 0.419375 0.5371666666666667 0.03975 0.05233333333333333
0 0.424 0.41683333333333333 0.043500000000000004 0.067
0 0.450625 0.296 0.04125 0.05266666666666667
0 0.463125 0.378 0.043750000000000004 0.058666666666666666
0 0.4665 0.5371666666666667 0.038 0.051
0 0.471625 0.4413333333333333 0.04075 0.05466666666666666
0 0.4935 0.3228333333333333 0.0345 0.04833333333333333
0 0.522 0.496 0.043000000000000003 0.054
0 0.52275 0.407 0.041 0.05466666666666666
