0 0.184875 0.5075 0.03975 0.049666666666666665
0 0.18787500000000001 0.3445 0.04175 0.05433333333333333
0 0.196125 0.43666666666666665 0.03675 0.050666666666666665
0 0.212 0.5496666666666666 0.0375 0.049999999999999996
0 0.217625 0.39116666666666666 0.03975 0.050333333333333334
0 0.218 0.297 0.038 0.048666666666666664
0 0.231 0.4515 0.035500000000000004 0.05233333333333333
0 0.250375 0.34833333333333333 0.03925 0.06
0 0.25325000000000003 0.2776666666666667 0.037 0.049999999999999996
0 0.253375 0.5276666666666666 0.03425 0.04733333333333333
0 0.260875 0.41466666666666663 0.03825 0.048666666666666664
0 0.2715 0.47 0.0385 0.048666666666666664
0 0.28350000000000003 0.32 0.0345 0.046
0 0.290125 0.384 0.03675 0.04733333333333333
0 0.28925 0.2728333333333333 0.033 0.04433333333333333
0 0.28975 0.5611666666666667 0.0335 0.045
0 0.29475 0.5163333333333333 0.034 0.04666666666666666
0 0.29962500000000003 0.43066666666666664 0.035250000000000004 0.04533333333333333
0 0.314 0.2455 0.0335 0.043
0 0.32025 0.3445 0.035500000000000004 0.04566666666666667
0 0.324125 0.473 0.03225 0.042666666666666665
0 0.329 0.5293333333333333 0.034 0.046
0 0.33475 0.3913333333333333 0.037 0.04666666666666666
0 0.34 0.28833333333333333 0.032 0.044
0 0.34825 0.23233333333333334 0.0375 0.04666666666666666
0 0.357125 0.49316666666666664 0.03175 0.042333333333333334
0 0.362875 0.3288333333333333 0.03675 0.048999999999999995
0 0.36612500000000003 0.41933333333333334 0.03975 0.049999999999999996
0 0.3755 0.2685 0.0325 0.04766666666666666
0 0.390375 0.3765 0.03625 0.04833333333333333
0 0.389875 0.4678333333333333 0.02925 0.04433333333333333
0 0.397625 0.33016666666666666 0.03275 0.04433333333333333
0 0.40950000000000003 0.2851666666666667 0.0335 0.04566666666666667
0 0.416125 0.4095 0.03475 0.04566666666666667
0 0.43525 0.3163333333333333 0.035 0.04533333333333333
0 0.4395 0.37066666666666664 0.0345 0.04733333333333333
