0 0.138 0.47783333333333333 0.037 0.04833333333333333
0 0.165625 0.42216666666666663 0.03825 0.051666666666666666
0 0.18425 0.4935 0.0335 0.043666666666666666
0 0.18525 0.5481666666666667 0.033 0.04633333333333333
0 0.209375 0.36183333333333334 0.03825 0.048999999999999995
0 0.218125 0.5266666666666666 0.03325 0.044
0 0.226625 0.4088333333333333 0.03475 0.04833333333333333
0 0.23875000000000002 0.4646666666666667 0.039 0.050666666666666665
0 0.23725000000000002 0.5653333333333334 0.0315 0.04466666666666667
0 0.249625 0.33866666666666667 0.03925 0.052
0 0.250375 0.2803333333333333 0.04075 0.05533333333333333
0 0.259875 0.519 0.03025 0.04466666666666667
0 0.27187500000000003 0.39466666666666667 0.03775 0.048666666666666664
0 0.278875 0.5611666666666667 0.03275 0.04633333333333333
0 0.284875 0.46216666666666667 0.03625 0.047
0 0.28975 0.2528333333333333 0.039 0.051666666666666666
0 0.292 0.31966666666666665 0.0375 0.051333333333333335
0 0.305875 0.41716666666666663 0.035250000000000004 0.047
0 0.320375 0.5116666666666666 0.03825 0.048666666666666664
0 0.319125 0.5783333333333334 0.03075 0.04133333333333333
0 0.323375 0.2855 0.03925 0.051666666666666666
0 0.320625 0.36733333333333335 0.03275 0.04533333333333333
0 0.328125 0.45849999999999996 0.03725 0.051
0 0.346625 0.4031666666666667 0.03475 0.047
0 0.34900000000000003 0.3348333333333333 0.035 0.04833333333333333
0 0.367875 0.5013333333333333 0.03875 0.050666666666666665
0 0.368625 0.5521666666666667 0.03675 0.048999999999999995
0 0.3705 0.4473333333333333 0.0365 0.04666666666666666
0 0.38125000000000003 0.31316666666666665 0.035 0.04766666666666666
0 0.386625 0.3718333333333333 0.03225 0.043
0 0.4025 0.4731666666666666 0.031 0.043
0 0.41000000000000003 0.5445 0.036000000000000004 0.04633333333333333
0 0.408375 0.4095 0.03275 0.045
0 0.420875 0.37016666666666664 0.03475 0.04833333333333333
0 0.440875 0.45766666666666667 0.029750000000000002 0.04066666666666666
0 0.447 0.5033333333333333 0.0335 0.046
