0 0.3095 0.7973750000000001 0.043666666666666666 0.03425
0 0.30916666666666665 0.69275 0.043 0.034
0 0.31083333333333335 0.7302500000000001 0.04566666666666667 0.035500000000000004
0 0.3178333333333333 0.6587500000000001 0.04633333333333333 0.035
0 0.32516666666666666 0.615 0.042333333333333334 0.035500000000000004
0 0.363 0.553625 0.04 0.03125
0 0.36666666666666664 0.6235 0.044 0.033
0 0.36716666666666664 0.658375 0.04433333333333333 0.03375
0 0.36916666666666664 0.779875 0.04566666666666667 0.03625
0 0.37716666666666665 0.7025 0.04566666666666667 0.037
0 0.37566666666666665 0.584125 0.03933333333333333 0.03275
0 0.391 0.52275 0.044 0.033
0 0.4061666666666667 0.637625 0.041666666666666664 0.03425
0 0.415 0.802875 0.05333333333333333 0.03775
0 0.41916666666666663 0.746625 0.041666666666666664 0.03225
0 0.42666666666666664 0.546625 0.03866666666666667 0.02925
0 0.4365 0.613375 0.047 0.03275
0 0.4405 0.6865 0.041666666666666664 0.0335
0 0.44316666666666665 0.515375 0.04566666666666667 0.03225
0 0.4465 0.772875 0.050333333333333334 0.03675
0 0.44616666666666666 0.579 0.039 0.03
0 0.45316666666666666 0.827125 0.047 0.03625
0 0.46416666666666667 0.7192500000000001 0.042333333333333334 0.0315
0 0.4705 0.546625 0.045 0.03475
0 0.4705 0.488 0.04433333333333333 0.031
0 0.48416666666666663 0.64825 0.045 0.0335
0 0.4923333333333333 0.51275 0.042666666666666665 0.032
0 0.493 0.744625 0.042666666666666665 0.03175
0 0.4933333333333333 0.5795 0.04066666666666666 0.03
0 0.5148333333333334 0.78925 0.048999999999999995 0.038
0 0.5183333333333333 0.609125 0.04533333333333333 0.03475
0 0.5168333333333334 0.543125 0.041666666666666664 0.03125
0 0.522 0.6845 0.050666666666666665 0.036000000000000004
0 0.5211666666666667 0.46075 0.041666666666666664 0.027
0 0.5398333333333333 0.648875 0.04633333333333333 0.035250000000000004
0 0.5408333333333333 0.577125 0.045 0.03425
0 0.5429999999999999 0.51375 0.044 0.0365
0 0.5668333333333333 0.7212500000000001 0.04766666666666666 0.035
0 0.5711666666666666 0.80675 0.04833333333333333 0.0375
0 0.5683333333333334 0.488 0.041999999999999996 0.033
0 0.572 0.68325 0.048 0.036000000000000004
0 0.5715 0.5455 0.045 0.034
0 0.5746666666666667 0.601 0.044 0.0335
0 0.5763333333333334 0.7681250000000001 0.04666666666666666 0.035750000000000004
0 0.5881666666666666 0.64075 0.047 0.035500000000000004
0 0.6048333333333333 0.50875 0.045 0.032
0 0.6054999999999999 0.56925 0.041666666666666664 0.03
0 0.6261666666666666 0.625125 0.043 0.03375
0 0.631 0.480625 0.03866666666666667 0.03025
0 0.6423333333333333 0.542375 0.03866666666666667 0.02875
0 0.6538333333333333 0.670125 0.039 0.03225
0 0.6543333333333333 0.5982500000000001 0.04 0.028
0 0.6658333333333333 0.7025 0.04566666666666667 0.035500000000000004
0 0.6695 0.767375 0.04766666666666666 0.035250000000000004
0 0.6741666666666667 0.6525 0.03233333333333333 0.026000000000000002
0 0.6808333333333333 0.5725 0.039 0.029500000000000002
0 0.7188333333333333 0.5982500000000001 0.041 0.031
0 0.7283333333333333 0.663 0.03866666666666667 0.025500000000000002
0 0.7346666666666667 0.704375 0.04133333333333333 0.03125
0 0.7548333333333334 0.63375 0.045 0.035
0 0.7646666666666666 0.583375 0.041999999999999996 0.03125
