0 0.155 0.5599999999999999 0.038 0.048666666666666664
0 0.160875 0.49 0.03875 0.05266666666666667
0 0.16675 0.43816666666666665 0.0425 0.058333333333333334
0 0.198375 0.5543333333333333 0.03875 0.04933333333333333
0 0.20425000000000001 0.45799999999999996 0.0365 0.05266666666666667
0 0.208625 0.391 0.04075 0.05466666666666666
0 0.209125 0.33999999999999997 0.03825 0.04933333333333333
0 0.229875 0.5955 0.03625 0.042333333333333334
0 0.24 0.4953333333333333 0.048 0.051333333333333335
0 0.23750000000000002 0.5558333333333333 0.035500000000000004 0.04566666666666667
0 0.242875 0.43716666666666665 0.04175 0.057666666666666665
0 0.246625 0.3655 0.04025 0.053
0 0.25225000000000003 0.30733333333333335 0.0365 0.04933333333333333
0 0.27575 0.584 0.0315 0.046
0 0.27975 0.27749999999999997 0.0395 0.049666666666666665
0 0.278625 0.523 0.03475 0.046
0 0.28125 0.3396666666666667 0.0335 0.04533333333333333
0 0.28650000000000003 0.46499999999999997 0.0375 0.05466666666666666
0 0.294875 0.4145 0.03725 0.04766666666666666
0 0.310125 0.5599999999999999 0.03125 0.042666666666666665
0 0.314875 0.369 0.03825 0.04933333333333333
0 0.31725000000000003 0.31166666666666665 0.038 0.046
0 0.3275 0.46199999999999997 0.0395 0.052
0 0.34 0.41333333333333333 0.0395 0.051333333333333335
0 0.341125 0.5048333333333334 0.035250000000000004 0.048999999999999995
0 0.35125 0.307 0.031 0.04
0 0.35100000000000003 0.5585 0.03 0.043666666666666666
0 0.36025 0.36366666666666664 0.0325 0.048
0 0.364875 0.4678333333333333 0.04075 0.04633333333333333
0 0.378375 0.511 0.03375 0.046
0 0.38725 0.408 0.0335 0.04533333333333333
0 0.39087500000000003 0.3625 0.03125 0.04566666666666667
0 0.401375 0.4648333333333333 0.03225 0.043
0 0.41575 0.42566666666666664 0.028 0.04133333333333333
0 0.420875 0.5173333333333333 0.03325 0.04533333333333333
0 0.44425000000000003 0.4573333333333333 0.0335 0.04466666666666667
