0 0.2345 0.6705 0.056999999999999995 0.0455
0 0.24766666666666665 0.724 0.056 0.053
0 0.27799999999999997 0.616125 0.06266666666666666 0.04625
0 0.31066666666666665 0.6793750000000001 0.05733333333333333 0.04175
0 0.32416666666666666 0.7755 0.061 0.049
0 0.37166666666666665 0.665 0.06733333333333333 0.051000000000000004
0 0.3715 0.6168750000000001 0.065 0.04525
0 0.3793333333333333 0.726375 0.06533333333333333 0.04825
0 0.438 0.604375 0.058666666666666666 0.04275
0 0.46349999999999997 0.64 0.057666666666666665 0.041
0 0.4723333333333333 0.698625 0.062 0.04825
0 0.4928333333333333 0.8755000000000001 0.065 0.048
0 0.49166666666666664 0.606 0.052 0.038
0 0.49966666666666665 0.7775 0.06799999999999999 0.055
0 0.5011666666666666 0.83325 0.06033333333333333 0.0495
0 0.4963333333333333 0.56725 0.049999999999999996 0.036000000000000004
0 0.5216666666666666 0.539125 0.051333333333333335 0.03675
0 0.5266666666666666 0.726625 0.05333333333333333 0.04075
0 0.5371666666666667 0.662625 0.06233333333333333 0.051250000000000004
0 0.5568333333333333 0.8778750000000001 0.056999999999999995 0.04825
0 0.5656666666666667 0.8005 0.06333333333333332 0.052000000000000005
0 0.5638333333333333 0.59775 0.051666666666666666 0.0375
0 0.5855 0.700125 0.061 0.051750000000000004
0 0.5881666666666666 0.64225 0.06033333333333333 0.0455
0 0.6096666666666667 0.5615 0.054 0.0405
0 0.632 0.670875 0.05733333333333333 0.043750000000000004
0 0.6325 0.621625 0.05633333333333333 0.04275
0 0.6465 0.88025 0.06433333333333333 0.051000000000000004
0 0.6445 0.835 0.055 0.0465
0 0.6506666666666666 0.7907500000000001 0.05533333333333333 0.038
0 0.6778333333333333 0.7525000000000001 0.048999999999999995 0.0375
0 0.694 0.649375 0.046 0.03625
0 0.7126666666666667 0.80675 0.049999999999999996 0.037
0 0.7131666666666666 0.70875 0.049666666666666665 0.038
0 0.7366666666666667 0.75525 0.051333333333333335 0.038
