0 0.22283333333333333 0.638 0.04566666666666667 0.0315
0 0.26116666666666666 0.722 0.050333333333333334 0.0375
0 0.27516666666666667 0.65525 0.043666666666666666 0.031
0 0.28833333333333333 0.5630000000000001 0.04133333333333333 0.0315
0 0.31516666666666665 0.7735 0.04833333333333333 0.0395
0 0.3185 0.64825 0.045 0.032
0 0.32066666666666666 0.682125 0.048 0.03025
0 0.323 0.595125 0.04466666666666667 0.03325
0 0.3263333333333333 0.538 0.04533333333333333 0.0325
0 0.3446666666666667 0.70525 0.04666666666666666 0.033
0 0.35833333333333334 0.58325 0.04066666666666666 0.0285
0 0.36766666666666664 0.66225 0.048666666666666664 0.034
0 0.371 0.622375 0.04533333333333333 0.03275
0 0.3783333333333333 0.847375 0.050666666666666665 0.03725
0 0.4008333333333333 0.71025 0.04433333333333333 0.0335
0 0.4088333333333333 0.555125 0.04433333333333333 0.03125
0 0.4106666666666667 0.778625 0.04466666666666667 0.03375
0 0.4106666666666667 0.672 0.04466666666666667 0.031
0 0.41733333333333333 0.74475 0.048 0.037
0 0.4343333333333333 0.600125 0.048 0.03475
0 0.43166666666666664 0.64275 0.04133333333333333 0.0315
0 0.4383333333333333 0.83725 0.05266666666666667 0.0395
0 0.4663333333333333 0.5395 0.041999999999999996 0.0335
0 0.4698333333333333 0.627875 0.043 0.03475
0 0.48116666666666663 0.5915 0.042333333333333334 0.028
0 0.48766666666666664 0.716125 0.046 0.03975
0 0.49033333333333334 0.6763750000000001 0.044 0.03375
0 0.4935 0.79625 0.04566666666666667 0.0385
0 0.5075 0.83575 0.04433333333333333 0.041
0 0.5101666666666667 0.75525 0.041 0.0335
0 0.5308333333333333 0.636125 0.043 0.03825
0 0.5305 0.729375 0.03833333333333333 0.02925
0 0.5596666666666666 0.79 0.03933333333333333 0.0315
0 0.5633333333333334 0.754 0.038 0.0335
0 0.5715 0.67125 0.042333333333333334 0.032
