0 0.27699999999999997 0.656375 0.042666666666666665 0.03175
0 0.2891666666666667 0.595875 0.041 0.03075
0 0.2906666666666667 0.62875 0.03733333333333333 0.027
0 0.30383333333333334 0.67825 0.043666666666666666 0.03
0 0.3208333333333333 0.651 0.04433333333333333 0.031
0 0.3228333333333333 0.60675 0.036333333333333336 0.026000000000000002
0 0.32416666666666666 0.708 0.03833333333333333 0.028
0 0.3353333333333333 0.56975 0.038 0.028
0 0.34049999999999997 0.679 0.03833333333333333 0.03
0 0.3446666666666667 0.627875 0.04133333333333333 0.03025
0 0.3445 0.7398750000000001 0.03966666666666666 0.02875
0 0.35816666666666663 0.655625 0.03966666666666666 0.02875
0 0.36033333333333334 0.6012500000000001 0.03666666666666667 0.0265
0 0.36216666666666664 0.76775 0.03766666666666667 0.03
0 0.36333333333333334 0.711125 0.036 0.03075
0 0.37116666666666664 0.8013750000000001 0.043 0.03225
0 0.37316666666666665 0.5685 0.039 0.026000000000000002
0 0.376 0.834875 0.043333333333333335 0.035750000000000004
0 0.3803333333333333 0.68575 0.034666666666666665 0.028
0 0.386 0.621625 0.038 0.02675
0 0.3855 0.73575 0.035666666666666666 0.0275
0 0.39549999999999996 0.654875 0.03966666666666666 0.02925
0 0.39799999999999996 0.542625 0.04 0.02775
0 0.39716666666666667 0.58875 0.03766666666666667 0.0285
0 0.4041666666666667 0.7731250000000001 0.043 0.03225
0 0.4063333333333333 0.7106250000000001 0.04066666666666666 0.03175
0 0.41083333333333333 0.8043750000000001 0.043 0.03175
0 0.42116666666666663 0.834875 0.04566666666666667 0.035250000000000004
0 0.4215 0.74475 0.041666666666666664 0.033
0 0.41866666666666663 0.56625 0.03333333333333333 0.0265
0 0.4205 0.68525 0.037 0.028
0 0.4265 0.606 0.03766666666666667 0.028
0 0.42683333333333334 0.63375 0.037 0.027
0 0.4435 0.660625 0.037 0.02925
0 0.4443333333333333 0.581 0.03666666666666667 0.029
0 0.447 0.7185 0.03933333333333333 0.0305
0 0.446 0.542375 0.036 0.02775
0 0.4478333333333333 0.77975 0.037 0.03
0 0.45449999999999996 0.8083750000000001 0.03833333333333333 0.03075
0 0.45566666666666666 0.688125 0.04 0.029750000000000002
0 0.46066666666666667 0.749375 0.04066666666666666 0.03425
0 0.46266666666666667 0.610375 0.034666666666666665 0.02825
0 0.4708333333333333 0.636875 0.03966666666666666 0.03075
0 0.47833333333333333 0.847375 0.041999999999999996 0.03325
0 0.477 0.5650000000000001 0.03333333333333333 0.0225
0 0.48 0.6657500000000001 0.03866666666666667 0.03
0 0.48166666666666663 0.5337500000000001 0.04 0.029500000000000002
0 0.48216666666666663 0.58575 0.035666666666666666 0.0285
0 0.48416666666666663 0.788 0.03766666666666667 0.029
0 0.4865 0.722375 0.041666666666666664 0.03175
0 0.49183333333333334 0.6935 0.03966666666666666 0.0305
0 0.4955 0.761875 0.039 0.02825
0 0.5001666666666666 0.619625 0.037 0.02825
0 0.507 0.82475 0.03933333333333333 0.0325
0 0.507 0.6455 0.03733333333333333 0.0245
0 0.508 0.5685 0.032 0.024
0 0.5195 0.595875 0.037 0.029750000000000002
0 0.5205 0.672875 0.03833333333333333 0.03075
0 0.5278333333333333 0.7388750000000001 0.039 0.03075
0 0.5288333333333333 0.770875 0.036333333333333336 0.03175
0 0.533 0.709875 0.03933333333333333 0.03075
0 0.5403333333333333 0.63025 0.03866666666666667 0.029
0 0.5459999999999999 0.5775 0.041999999999999996 0.03
0 0.5528333333333333 0.81075 0.043666666666666666 0.0325
0 0.5526666666666666 0.659875 0.034666666666666665 0.02725
0 0.5549999999999999 0.604 0.03866666666666667 0.027
0 0.5605 0.68725 0.04033333333333333 0.0335
0 0.5646666666666667 0.748625 0.041999999999999996 0.03225
0 0.571 0.717 0.041999999999999996 0.0315
0 0.5705 0.778625 0.04033333333333333 0.03125
0 0.5893333333333333 0.667375 0.03866666666666667 0.02775
0 0.5881666666666666 0.629875 0.03233333333333333 0.02725
0 0.6016666666666667 0.69825 0.042666666666666665 0.0315
0 0.6033333333333333 0.7615000000000001 0.035333333333333335 0.029500000000000002
0 0.6044999999999999 0.7332500000000001 0.036333333333333336 0.0285
