0 0.20666666666666667 0.765875 0.042666666666666665 0.03425
0 0.2105 0.715875 0.042333333333333334 0.03025
0 0.22899999999999998 0.657625 0.03933333333333333 0.029750000000000002
0 0.23916666666666667 0.68925 0.04033333333333333 0.029500000000000002
0 0.2445 0.78725 0.04433333333333333 0.0335
0 0.24266666666666667 0.752125 0.03933333333333333 0.03225
0 0.2643333333333333 0.721625 0.04066666666666666 0.03025
0 0.26666666666666666 0.8153750000000001 0.044 0.03425
0 0.26766666666666666 0.626 0.043333333333333335 0.0325
0 0.26866666666666666 0.659875 0.04 0.03025
0 0.27749999999999997 0.6900000000000001 0.03966666666666666 0.031
0 0.2783333333333333 0.597 0.04133333333333333 0.033
0 0.2843333333333333 0.750125 0.044 0.03475
0 0.2906666666666667 0.783 0.046 0.035500000000000004
0 0.306 0.652 0.044 0.034
0 0.30616666666666664 0.718875 0.039 0.02925
0 0.31016666666666665 0.8153750000000001 0.043666666666666666 0.035750000000000004
0 0.308 0.6208750000000001 0.033999999999999996 0.02775
0 0.3205 0.680625 0.041 0.03125
0 0.326 0.759625 0.041999999999999996 0.03225
0 0.33816666666666667 0.78725 0.04433333333333333 0.0305
0 0.33766666666666667 0.604125 0.036 0.02775
0 0.33949999999999997 0.631 0.03966666666666666 0.0285
0 0.34833333333333333 0.69975 0.04066666666666666 0.03
0 0.34883333333333333 0.66025 0.04033333333333333 0.03
0 0.3501666666666667 0.733625 0.043 0.03225
0 0.3565 0.816875 0.041666666666666664 0.03075
0 0.3733333333333333 0.6138750000000001 0.042666666666666665 0.03125
0 0.374 0.765 0.042666666666666665 0.029500000000000002
0 0.37416666666666665 0.5856250000000001 0.042333333333333334 0.03025
0 0.3848333333333333 0.674 0.043 0.0315
0 0.387 0.642 0.042666666666666665 0.0315
0 0.388 0.792375 0.04 0.03075
0 0.39 0.7056250000000001 0.04133333333333333 0.03125
0 0.3968333333333333 0.738 0.042333333333333334 0.0325
0 0.4053333333333333 0.8240000000000001 0.041999999999999996 0.0325
0 0.409 0.598625 0.042666666666666665 0.03225
0 0.421 0.763 0.04733333333333333 0.0325
0 0.42166666666666663 0.684125 0.04133333333333333 0.03325
0 0.42133333333333334 0.653625 0.038 0.02775
0 0.4255 0.624375 0.041 0.03175
0 0.42683333333333334 0.7935 0.04033333333333333 0.031
0 0.42816666666666664 0.716125 0.041666666666666664 0.03275
0 0.4495 0.831875 0.04033333333333333 0.03075
0 0.45649999999999996 0.74075 0.043666666666666666 0.033
0 0.45716666666666667 0.66425 0.041666666666666664 0.033
0 0.46066666666666667 0.695875 0.04133333333333333 0.03275
0 0.45816666666666667 0.593875 0.036333333333333336 0.02725
0 0.4666666666666667 0.7751250000000001 0.04466666666666667 0.03425
0 0.4628333333333333 0.6345000000000001 0.036333333333333336 0.028
0 0.48066666666666663 0.8083750000000001 0.04733333333333333 0.035250000000000004
0 0.4885 0.71775 0.03966666666666666 0.032
0 0.4923333333333333 0.8512500000000001 0.044 0.036000000000000004
0 0.496 0.617375 0.04 0.02775
0 0.498 0.75175 0.04133333333333333 0.034
0 0.4988333333333333 0.64825 0.041 0.0315
0 0.5043333333333333 0.679 0.03933333333333333 0.032
0 0.5235 0.8240000000000001 0.04566666666666667 0.038
0 0.5225 0.7817500000000001 0.039 0.031
0 0.5308333333333333 0.867625 0.04566666666666667 0.03475
0 0.5293333333333333 0.702875 0.03733333333333333 0.029750000000000002
0 0.533 0.737625 0.041999999999999996 0.03275
0 0.5366666666666666 0.661 0.041999999999999996 0.034
0 0.5386666666666666 0.6275000000000001 0.042666666666666665 0.0315
0 0.5553333333333333 0.764625 0.04133333333333333 0.029750000000000002
0 0.5575 0.79825 0.041666666666666664 0.034
0 0.5626666666666666 0.83875 0.04733333333333333 0.039
0 0.5663333333333334 0.684875 0.041999999999999996 0.03275
0 0.568 0.7232500000000001 0.041999999999999996 0.029500000000000002
0 0.5741666666666666 0.649 0.03966666666666666 0.03
0 0.6038333333333333 0.702125 0.045 0.03225
0 0.609 0.774375 0.04533333333333333 0.03725
0 0.6058333333333333 0.672 0.03833333333333333 0.031
0 0.6148333333333333 0.8083750000000001 0.04633333333333333 0.035750000000000004
0 0.6224999999999999 0.734625 0.045 0.03275
