0 0.20733333333333331 0.7295 0.05533333333333333 0.043000000000000003
0 0.21166666666666667 0.772375 0.052 0.04075
0 0.21433333333333332 0.690375 0.052 0.03725
0 0.24133333333333332 0.648625 0.046 0.03425
0 0.24466666666666667 0.603625 0.04533333333333333 0.03425
0 0.2575 0.75025 0.051 0.043000000000000003
0 0.26666666666666666 0.709875 0.05733333333333333 0.04275
0 0.2615 0.569375 0.04633333333333333 0.03225
0 0.27949999999999997 0.671625 0.050333333333333334 0.03725
0 0.2841666666666667 0.6275000000000001 0.047 0.0345
0 0.29283333333333333 0.532125 0.042333333333333334 0.03025
0 0.30666666666666664 0.733375 0.054 0.03825
0 0.3035 0.59075 0.04766666666666666 0.0385
0 0.30933333333333335 0.7887500000000001 0.05533333333333333 0.037
0 0.3123333333333333 0.559875 0.042666666666666665 0.03225
0 0.32216666666666666 0.69425 0.051 0.0385
0 0.32516666666666666 0.647 0.048999999999999995 0.0345
0 0.3446666666666667 0.524 0.04933333333333333 0.035500000000000004
0 0.3545 0.598875 0.051666666666666666 0.03625
0 0.354 0.767375 0.048666666666666664 0.03975
0 0.35866666666666663 0.667375 0.05266666666666667 0.03975
0 0.35983333333333334 0.563125 0.05433333333333333 0.03875
0 0.36133333333333334 0.7196250000000001 0.04733333333333333 0.03725
0 0.37083333333333335 0.809875 0.050333333333333334 0.03825
0 0.38066666666666665 0.627125 0.04666666666666666 0.03325
0 0.39616666666666667 0.529 0.05366666666666667 0.0335
0 0.40349999999999997 0.741125 0.055 0.04075
0 0.4033333333333333 0.501 0.048666666666666664 0.034
0 0.4096666666666667 0.5865 0.04933333333333333 0.035500000000000004
0 0.4101666666666667 0.78225 0.048999999999999995 0.038
0 0.4101666666666667 0.6595 0.04566666666666667 0.035500000000000004
0 0.4131666666666666 0.83325 0.051 0.0375
0 0.4125 0.70325 0.04833333333333333 0.0365
0 0.42833333333333334 0.556 0.051333333333333335 0.0335
0 0.42983333333333335 0.617 0.050333333333333334 0.035
0 0.4568333333333333 0.684625 0.05366666666666667 0.03975
0 0.45766666666666667 0.646625 0.05466666666666666 0.03825
0 0.46299999999999997 0.724 0.056 0.0425
0 0.4676666666666667 0.77275 0.06133333333333333 0.0465
0 0.4691666666666667 0.8153750000000001 0.06033333333333333 0.04525
0 0.4671666666666667 0.585 0.053 0.037
0 0.4688333333333333 0.529 0.043666666666666666 0.029500000000000002
0 0.4761666666666666 0.8622500000000001 0.058333333333333334 0.045
0 0.4855 0.55475 0.04833333333333333 0.0345
0 0.49183333333333334 0.61625 0.04566666666666667 0.033
0 0.5101666666666667 0.674 0.05366666666666667 0.039
0 0.5236666666666666 0.751625 0.056666666666666664 0.04575
0 0.5278333333333333 0.902875 0.063 0.04425
0 0.521 0.530125 0.046 0.02825
0 0.5268333333333333 0.709875 0.055 0.04025
0 0.5313333333333333 0.844375 0.062 0.04925
0 0.5298333333333333 0.635 0.05433333333333333 0.0395
0 0.5308333333333333 0.5595 0.04833333333333333 0.034
0 0.5361666666666667 0.7957500000000001 0.05233333333333333 0.041
0 0.5433333333333333 0.589875 0.04933333333333333 0.03425
0 0.5746666666666667 0.8778750000000001 0.06333333333333332 0.03975
0 0.5778333333333333 0.73375 0.051 0.039
0 0.5788333333333333 0.668125 0.051666666666666666 0.03875
0 0.5776666666666667 0.61625 0.04466666666666667 0.033
0 0.5845 0.7735 0.051 0.038
0 0.5923333333333333 0.8153750000000001 0.049999999999999996 0.04025
0 0.6064999999999999 0.7010000000000001 0.050333333333333334 0.0375
0 0.6131666666666666 0.642375 0.04833333333333333 0.035250000000000004
0 0.6146666666666667 0.5525 0.044 0.034
0 0.6194999999999999 0.60475 0.04433333333333333 0.034
0 0.6271666666666667 0.7458750000000001 0.053 0.04525
0 0.6548333333333333 0.8552500000000001 0.06433333333333333 0.042
0 0.6513333333333333 0.6775 0.05533333333333333 0.04
0 0.6553333333333333 0.81 0.056666666666666664 0.0475
0 0.6685 0.639625 0.053 0.03725
0 0.6741666666666667 0.72675 0.053 0.04
0 0.6918333333333333 0.7755 0.055 0.043500000000000004
0 0.6925 0.6072500000000001 0.04833333333333333 0.0335
0 0.7031666666666666 0.691125 0.047 0.035250000000000004
0 0.719 0.6451250000000001 0.04466666666666667 0.03425
