0 0.18016666666666667 0.64975 0.05433333333333333 0.0375
0 0.18366666666666667 0.607625 0.04533333333333333 0.03375
0 0.18616666666666665 0.6865 0.04433333333333333 0.0345
0 0.21516666666666667 0.727125 0.04766666666666666 0.03675
0 0.22699999999999998 0.76975 0.051333333333333335 0.0385
0 0.225 0.5740000000000001 0.04733333333333333 0.035
0 0.22183333333333333 0.6165 0.04033333333333333 0.032
0 0.23249999999999998 0.64825 0.048999999999999995 0.036000000000000004
0 0.24483333333333332 0.8083750000000001 0.059 0.04525
0 0.2405 0.6865 0.045 0.036000000000000004
0 0.2593333333333333 0.54 0.05333333333333333 0.0445
0 0.26166666666666666 0.5962500000000001 0.05333333333333333 0.0375
0 0.2718333333333333 0.722375 0.05366666666666667 0.04175
0 0.2881666666666667 0.840375 0.06166666666666666 0.04675
0 0.2861666666666667 0.7615000000000001 0.05633333333333333 0.0455
0 0.2848333333333333 0.627875 0.050333333333333334 0.03775
0 0.2915 0.680125 0.04433333333333333 0.03375
0 0.31316666666666665 0.797 0.057666666666666665 0.045
0 0.31716666666666665 0.56225 0.06033333333333333 0.0345
0 0.3213333333333333 0.5982500000000001 0.048666666666666664 0.034
0 0.327 0.7212500000000001 0.05266666666666667 0.0395
0 0.32816666666666666 0.638875 0.045 0.03425
0 0.33849999999999997 0.67975 0.05566666666666666 0.0425
0 0.3431666666666667 0.7595000000000001 0.056999999999999995 0.041
0 0.33566666666666667 0.5337500000000001 0.04066666666666666 0.029500000000000002
0 0.3645 0.6098750000000001 0.04833333333333333 0.035250000000000004
0 0.3705 0.5427500000000001 0.047 0.0345
0 0.373 0.572375 0.050666666666666665 0.03475
0 0.3808333333333333 0.7185 0.048999999999999995 0.037
0 0.381 0.651 0.04933333333333333 0.0365
0 0.38166666666666665 0.512625 0.04666666666666666 0.03425
0 0.3908333333333333 0.810625 0.05366666666666667 0.04125
0 0.41 0.61725 0.05466666666666666 0.0395
0 0.4116666666666666 0.77 0.051333333333333335 0.0385
0 0.4126666666666666 0.528625 0.041999999999999996 0.03175
0 0.41933333333333334 0.682125 0.04666666666666666 0.035250000000000004
0 0.4175 0.58225 0.041 0.03
0 0.43116666666666664 0.7196250000000001 0.05566666666666666 0.043750000000000004
0 0.43966666666666665 0.647 0.057999999999999996 0.039
0 0.44366666666666665 0.539625 0.04466666666666667 0.035750000000000004
0 0.46216666666666667 0.7927500000000001 0.05233333333333333 0.04
0 0.4646666666666667 0.572875 0.05266666666666667 0.03725
0 0.4703333333333333 0.7508750000000001 0.05333333333333333 0.04075
0 0.474 0.6775 0.06 0.043000000000000003
0 0.4735 0.61775 0.053 0.0385
0 0.4775 0.4915 0.041666666666666664 0.0305
0 0.491 0.54425 0.042666666666666665 0.031
0 0.5115 0.7146250000000001 0.061 0.04475
0 0.5163333333333333 0.792625 0.05266666666666667 0.03925
0 0.5173333333333333 0.629875 0.05266666666666667 0.03925
0 0.519 0.5251250000000001 0.04133333333333333 0.02925
0 0.5278333333333333 0.581375 0.04833333333333333 0.03475
0 0.5449999999999999 0.74925 0.062 0.0465
0 0.5401666666666667 0.552875 0.048999999999999995 0.03625
0 0.5471666666666667 0.66625 0.056999999999999995 0.043500000000000004
0 0.5751666666666666 0.495875 0.04766666666666666 0.03275
0 0.5751666666666666 0.59 0.047 0.035
0 0.5773333333333334 0.6275000000000001 0.048 0.0345
0 0.5793333333333334 0.52425 0.050666666666666665 0.0365
0 0.5878333333333333 0.6955 0.051 0.0385
0 0.5935 0.7795 0.059 0.046
0 0.595 0.5563750000000001 0.054 0.03725
0 0.6131666666666666 0.6541250000000001 0.04833333333333333 0.03475
0 0.6226666666666666 0.73725 0.06 0.048
0 0.6214999999999999 0.510375 0.04566666666666667 0.029750000000000002
0 0.631 0.610625 0.04733333333333333 0.03975
0 0.647 0.55175 0.044 0.034
0 0.6528333333333333 0.585375 0.05366666666666667 0.03725
0 0.6565 0.682125 0.05233333333333333 0.04025
0 0.6683333333333333 0.78525 0.06066666666666667 0.048
0 0.6803333333333333 0.736125 0.058666666666666666 0.043250000000000004
0 0.6996666666666667 0.6501250000000001 0.05266666666666667 0.04275
0 0.7043333333333333 0.608 0.054 0.0415
0 0.7351666666666666 0.6900000000000001 0.05433333333333333 0.0415
