0 0.19383333333333333 0.5543750000000001 0.04766666666666666 0.03625
0 0.20099999999999998 0.625125 0.041999999999999996 0.03325
0 0.20566666666666666 0.70675 0.048 0.035500000000000004
0 0.20983333333333332 0.8153750000000001 0.053 0.04275
0 0.20916666666666667 0.6723750000000001 0.04766666666666666 0.03675
0 0.21833333333333332 0.768875 0.04933333333333333 0.03775
0 0.22783333333333333 0.576625 0.049666666666666665 0.03725
0 0.22699999999999998 0.526625 0.048 0.03675
0 0.24183333333333332 0.73575 0.05233333333333333 0.041
0 0.24483333333333332 0.642 0.04566666666666667 0.0345
0 0.2535 0.68375 0.043666666666666666 0.035
0 0.26166666666666666 0.83725 0.049999999999999996 0.0405
0 0.268 0.79825 0.056 0.043000000000000003
0 0.2673333333333333 0.599 0.050666666666666665 0.0365
0 0.27449999999999997 0.560375 0.053 0.03925
0 0.27549999999999997 0.51725 0.04433333333333333 0.034
0 0.2865 0.7146250000000001 0.059 0.04275
0 0.2935 0.6607500000000001 0.04833333333333333 0.0375
0 0.307 0.77075 0.049999999999999996 0.0395
0 0.30516666666666664 0.62475 0.04566666666666667 0.0345
0 0.31766666666666665 0.875625 0.049999999999999996 0.03825
0 0.3185 0.5856250000000001 0.047 0.035250000000000004
0 0.3235 0.549 0.04566666666666667 0.035
0 0.32966666666666666 0.827125 0.048 0.03725
0 0.331 0.505625 0.044 0.03075
0 0.33866666666666667 0.69075 0.056 0.04
0 0.3461666666666667 0.6525 0.049666666666666665 0.0365
0 0.35233333333333333 0.7458750000000001 0.05266666666666667 0.04025
0 0.36016666666666663 0.596625 0.048999999999999995 0.03725
0 0.36433333333333334 0.86075 0.05333333333333333 0.0385
0 0.37 0.7977500000000001 0.04466666666666667 0.0345
0 0.3723333333333333 0.56025 0.04533333333333333 0.033
0 0.3723333333333333 0.524 0.04466666666666667 0.0345
0 0.38116666666666665 0.48575 0.04433333333333333 0.0315
0 0.3883333333333333 0.67 0.05333333333333333 0.0385
0 0.39666666666666667 0.624 0.048666666666666664 0.035
0 0.40116666666666667 0.726 0.055 0.0415
0 0.4033333333333333 0.76975 0.044 0.0385
0 0.42216666666666663 0.8645 0.06166666666666666 0.043500000000000004
0 0.42 0.58725 0.04533333333333333 0.0325
0 0.42 0.52 0.04533333333333333 0.033
0 0.42683333333333334 0.81375 0.05633333333333333 0.043000000000000003
0 0.42916666666666664 0.692375 0.049666666666666665 0.03825
0 0.4328333333333333 0.64775 0.05366666666666667 0.038
0 0.42866666666666664 0.480125 0.04466666666666667 0.03025
0 0.438 0.554 0.044 0.036000000000000004
0 0.45299999999999996 0.774 0.04933333333333333 0.0375
0 0.4548333333333333 0.614125 0.04833333333333333 0.03725
0 0.46799999999999997 0.7365 0.05733333333333333 0.044
0 0.46166666666666667 0.50875 0.041999999999999996 0.032
0 0.4708333333333333 0.83175 0.051666666666666666 0.039
0 0.47683333333333333 0.580125 0.043 0.03475
0 0.482 0.539625 0.052 0.03775
0 0.48666666666666664 0.691125 0.054 0.04125
0 0.48466666666666663 0.65125 0.043333333333333335 0.0325
0 0.48683333333333334 0.48025 0.045 0.033
0 0.4973333333333333 0.7935 0.054 0.045
0 0.5111666666666667 0.618125 0.049666666666666665 0.035250000000000004
0 0.52 0.74475 0.04733333333333333 0.0365
0 0.522 0.511125 0.046 0.035250000000000004
0 0.5251666666666667 0.580125 0.04633333333333333 0.03275
0 0.523 0.821625 0.04066666666666666 0.035750000000000004
0 0.5303333333333333 0.71 0.043333333333333335 0.0375
0 0.5408333333333333 0.673625 0.056999999999999995 0.043250000000000004
0 0.5403333333333333 0.546625 0.044 0.03475
0 0.5523333333333333 0.77825 0.04933333333333333 0.038
0 0.5579999999999999 0.613375 0.04466666666666667 0.035750000000000004
0 0.57 0.727125 0.04466666666666667 0.03175
0 0.5776666666666667 0.643875 0.046 0.03325
0 0.5776666666666667 0.807625 0.04466666666666667 0.03725
0 0.5798333333333333 0.527875 0.04633333333333333 0.03425
0 0.581 0.5865 0.043333333333333335 0.032
0 0.6023333333333333 0.773625 0.052 0.03825
0 0.61 0.61925 0.046 0.035500000000000004
0 0.6298333333333334 0.69275 0.04566666666666667 0.046
