0 0.2718333333333333 0.636875 0.04633333333333333 0.03175
0 0.2713333333333333 0.593875 0.04133333333333333 0.03175
0 0.27449999999999997 0.563875 0.04566666666666667 0.03425
0 0.2831666666666667 0.663875 0.045 0.02925
0 0.30483333333333335 0.7368750000000001 0.053 0.03375
0 0.30816666666666664 0.689625 0.04433333333333333 0.03475
0 0.31666666666666665 0.766875 0.04133333333333333 0.03375
0 0.3165 0.577 0.04033333333333333 0.0315
0 0.3173333333333333 0.5455 0.04 0.0315
0 0.31916666666666665 0.607125 0.039 0.02925
0 0.32 0.64275 0.038 0.03
0 0.33816666666666667 0.71225 0.04433333333333333 0.0335
0 0.3451666666666667 0.6763750000000001 0.039 0.03075
0 0.3506666666666667 0.741625 0.04133333333333333 0.03325
0 0.35133333333333333 0.790375 0.03866666666666667 0.03125
0 0.35616666666666663 0.620125 0.042333333333333334 0.03275
0 0.35983333333333334 0.590875 0.042333333333333334 0.03325
0 0.3595 0.558625 0.034999999999999996 0.02725
0 0.38116666666666665 0.764875 0.050333333333333334 0.03625
0 0.37716666666666665 0.65525 0.03766666666666667 0.029
0 0.381 0.686875 0.04 0.03175
0 0.3903333333333333 0.727875 0.04666666666666666 0.035750000000000004
0 0.3928333333333333 0.536125 0.042333333333333334 0.03225
0 0.39966666666666667 0.806 0.04466666666666667 0.0365
0 0.3983333333333333 0.565375 0.03733333333333333 0.02875
0 0.4026666666666667 0.627125 0.041999999999999996 0.03175
0 0.40399999999999997 0.5962500000000001 0.042666666666666665 0.03
0 0.41883333333333334 0.663 0.043666666666666666 0.0335
0 0.424 0.700125 0.042666666666666665 0.03375
0 0.42683333333333334 0.513 0.043 0.0335
0 0.43116666666666664 0.5415 0.03833333333333333 0.0275
0 0.43266666666666664 0.747375 0.04066666666666666 0.03225
0 0.4418333333333333 0.5775 0.041 0.0305
0 0.4455 0.640375 0.041666666666666664 0.03075
0 0.4518333333333333 0.79 0.043 0.032
0 0.45899999999999996 0.822375 0.048666666666666664 0.03725
0 0.4603333333333333 0.603625 0.04066666666666666 0.029750000000000002
0 0.46149999999999997 0.6833750000000001 0.042333333333333334 0.03325
0 0.46299999999999997 0.722 0.042666666666666665 0.035500000000000004
0 0.4715 0.51925 0.03833333333333333 0.029
0 0.47833333333333333 0.754375 0.043333333333333335 0.03225
0 0.48333333333333334 0.5513750000000001 0.04 0.03025
0 0.48416666666666663 0.58025 0.03833333333333333 0.029
0 0.49066666666666664 0.6541250000000001 0.04066666666666666 0.03125
0 0.4963333333333333 0.6235 0.04066666666666666 0.032
0 0.49766666666666665 0.695375 0.03733333333333333 0.03025
0 0.5023333333333333 0.7973750000000001 0.046 0.04125
0 0.5101666666666667 0.727875 0.045 0.03425
0 0.5095 0.83325 0.042333333333333334 0.0345
0 0.52 0.762625 0.04133333333333333 0.03675
0 0.5185 0.53525 0.03766666666666667 0.029
0 0.523 0.57125 0.044 0.0345
0 0.5288333333333333 0.67325 0.04433333333333333 0.034
0 0.5298333333333333 0.604 0.037 0.029500000000000002
0 0.5335 0.6395000000000001 0.042333333333333334 0.0335
0 0.5423333333333333 0.7045 0.044 0.033
0 0.5485 0.802875 0.039 0.03225
0 0.5585 0.735 0.04433333333333333 0.0345
0 0.5605 0.765 0.045 0.0365
0 0.5668333333333333 0.621625 0.043 0.035250000000000004
0 0.569 0.5565 0.04066666666666666 0.031
0 0.569 0.58575 0.04 0.032
0 0.5766666666666667 0.66025 0.04 0.0335
0 0.5846666666666667 0.69075 0.043333333333333335 0.033
0 0.5955 0.8005 0.04833333333333333 0.043500000000000004
0 0.6116666666666667 0.602875 0.043333333333333335 0.03125
0 0.6111666666666666 0.640875 0.041 0.03175
0 0.618 0.739625 0.04733333333333333 0.03275
0 0.6211666666666666 0.677125 0.043 0.03975
0 0.6246666666666666 0.709125 0.044 0.03625
0 0.6455 0.78025 0.041 0.034
