0 0.1655 0.738 0.043666666666666666 0.036000000000000004
0 0.18 0.700875 0.043333333333333335 0.035750000000000004
0 0.191 0.763375 0.04533333333333333 0.03225
0 0.209 0.722 0.043333333333333335 0.0335
0 0.224 0.68175 0.03866666666666667 0.029500000000000002
0 0.22799999999999998 0.645375 0.03933333333333333 0.03325
0 0.23066666666666666 0.795875 0.043333333333333335 0.03425
0 0.23233333333333334 0.613 0.046 0.033
0 0.239 0.7418750000000001 0.043333333333333335 0.03075
0 0.2525 0.70525 0.042333333333333334 0.0345
0 0.2598333333333333 0.66225 0.041666666666666664 0.0315
0 0.25966666666666666 0.6295000000000001 0.032 0.028
0 0.267 0.810625 0.044 0.03425
0 0.27249999999999996 0.76975 0.04633333333333333 0.0335
0 0.2718333333333333 0.593875 0.043 0.03125
0 0.2783333333333333 0.7302500000000001 0.041999999999999996 0.032
0 0.29233333333333333 0.68175 0.04066666666666666 0.03
0 0.302 0.6481250000000001 0.03866666666666667 0.03125
0 0.30783333333333335 0.8115 0.04433333333333333 0.037
0 0.30966666666666665 0.6052500000000001 0.043333333333333335 0.031
0 0.31916666666666665 0.576375 0.04566666666666667 0.03225
0 0.3215 0.706375 0.04033333333333333 0.03225
0 0.3233333333333333 0.775875 0.04133333333333333 0.03275
0 0.3273333333333333 0.740375 0.044 0.03225
0 0.33999999999999997 0.623625 0.046 0.03025
0 0.34149999999999997 0.65325 0.043 0.032
0 0.35133333333333333 0.84975 0.04666666666666666 0.039
0 0.35133333333333333 0.809125 0.043333333333333335 0.03425
0 0.358 0.598625 0.042666666666666665 0.03175
0 0.36083333333333334 0.76225 0.042333333333333334 0.0325
0 0.36583333333333334 0.723625 0.045 0.035750000000000004
0 0.36516666666666664 0.6900000000000001 0.03966666666666666 0.0305
0 0.37566666666666665 0.56225 0.044 0.033
0 0.3875 0.647375 0.03966666666666666 0.03125
0 0.39566666666666667 0.864625 0.04933333333333333 0.03975
0 0.39449999999999996 0.82475 0.04633333333333333 0.0385
0 0.39399999999999996 0.61575 0.04066666666666666 0.032
0 0.4048333333333333 0.7857500000000001 0.048999999999999995 0.0415
0 0.4075 0.745 0.045 0.035
0 0.4061666666666667 0.58025 0.04033333333333333 0.029
0 0.4106666666666667 0.67275 0.04 0.0315
0 0.414 0.709125 0.044 0.03475
0 0.42833333333333334 0.636875 0.043333333333333335 0.03325
0 0.436 0.605625 0.04133333333333333 0.03225
0 0.44216666666666665 0.82475 0.047 0.0405
0 0.44366666666666665 0.859125 0.049999999999999996 0.035750000000000004
0 0.4553333333333333 0.661 0.044 0.0335
0 0.45449999999999996 0.570375 0.04033333333333333 0.03125
0 0.4548333333333333 0.6950000000000001 0.04033333333333333 0.0325
0 0.45749999999999996 0.735625 0.045 0.035750000000000004
0 0.4588333333333333 0.773625 0.04566666666666667 0.03825
0 0.47833333333333333 0.627125 0.04066666666666666 0.03025
0 0.48616666666666664 0.5942500000000001 0.041 0.032
0 0.49066666666666664 0.8396250000000001 0.04933333333333333 0.04175
0 0.4955 0.6775 0.04433333333333333 0.0345
0 0.49616666666666664 0.711875 0.043666666666666666 0.03375
0 0.5006666666666667 0.751375 0.04466666666666667 0.035750000000000004
0 0.5126666666666666 0.79125 0.048 0.0405
0 0.5126666666666666 0.643875 0.041999999999999996 0.03125
0 0.5256666666666666 0.616125 0.04066666666666666 0.02925
0 0.5425 0.6895 0.04566666666666667 0.0365
0 0.5408333333333333 0.733375 0.042333333333333334 0.03175
0 0.5543333333333333 0.8115 0.04933333333333333 0.043500000000000004
0 0.5586666666666666 0.768875 0.04733333333333333 0.03875
0 0.5611666666666667 0.631875 0.042333333333333334 0.03225
0 0.5741666666666666 0.713 0.041 0.032
0 0.5871666666666666 0.659125 0.043666666666666666 0.03475
0 0.6028333333333333 0.74475 0.039 0.0325
0 0.6064999999999999 0.79125 0.043 0.035500000000000004
0 0.6278333333333334 0.7095 0.047 0.0415
0 0.6465 0.66925 0.045 0.0325
