0 0.24175 0.5371666666666667 0.0335 0.043666666666666666
0 0.253375 0.5898333333333333 0.03625 0.04633333333333333
0 0.255375 0.6408333333333334 0.03775 0.04833333333333333
0 0.259 0.433 0.0345 0.04533333333333333
0 0.26225 0.6935 0.036000000000000004 0.04633333333333333
0 0.26687500000000003 0.5053333333333333 0.03625 0.04733333333333333
0 0.281375 0.5621666666666667 0.03775 0.048999999999999995
0 0.288625 0.6138333333333333 0.03325 0.043666666666666666
0 0.29625 0.77 0.0375 0.048
0 0.295625 0.42316666666666664 0.03425 0.042333333333333334
0 0.29625 0.656 0.0315 0.042666666666666665
0 0.301875 0.4683333333333333 0.035250000000000004 0.048
0 0.301875 0.5241666666666667 0.03175 0.042333333333333334
0 0.304875 0.7028333333333333 0.03275 0.043666666666666666
0 0.317125 0.5658333333333333 0.03625 0.04766666666666666
0 0.320625 0.39 0.03175 0.038
0 0.322625 0.6234999999999999 0.03475 0.047
0 0.3345 0.49133333333333334 0.035 0.042666666666666665
0 0.33775 0.444 0.0365 0.046
0 0.3385 0.7364999999999999 0.036000000000000004 0.049666666666666665
0 0.343125 0.6851666666666666 0.03725 0.048999999999999995
0 0.343125 0.7845 0.03675 0.048999999999999995
0 0.3425 0.5376666666666666 0.0325 0.041999999999999996
0 0.350625 0.5871666666666666 0.03375 0.04633333333333333
0 0.3615 0.4126666666666666 0.035 0.044
0 0.36925 0.6361666666666667 0.035 0.04766666666666666
0 0.369125 0.5038333333333334 0.03425 0.04633333333333333
0 0.371625 0.5491666666666667 0.03125 0.036333333333333336
0 0.37425 0.3723333333333333 0.034 0.044
0 0.378 0.7454999999999999 0.037 0.051
0 0.37675000000000003 0.695 0.032 0.04533333333333333
0 0.37975000000000003 0.45649999999999996 0.0365 0.04433333333333333
0 0.377875 0.7939999999999999 0.03175 0.04533333333333333
0 0.388125 0.5986666666666667 0.03025 0.04466666666666667
0 0.397625 0.40099999999999997 0.03425 0.04533333333333333
0 0.402125 0.5258333333333333 0.03375 0.043666666666666666
0 0.4025 0.6543333333333333 0.032 0.04133333333333333
0 0.40800000000000003 0.71 0.0345 0.04733333333333333
0 0.410625 0.47816666666666663 0.035750000000000004 0.04633333333333333
0 0.409875 0.356 0.03125 0.04066666666666666
0 0.41425 0.7543333333333333 0.0325 0.04066666666666666
0 0.4165 0.5668333333333333 0.035 0.041666666666666664
0 0.420375 0.4353333333333333 0.03425 0.04533333333333333
0 0.42212500000000003 0.6104999999999999 0.03625 0.047
0 0.432125 0.6739999999999999 0.03475 0.041999999999999996
0 0.432625 0.39749999999999996 0.03275 0.043
0 0.434625 0.5305 0.03275 0.04433333333333333
0 0.441125 0.347 0.03075 0.04
0 0.44475000000000003 0.709 0.03 0.04133333333333333
0 0.447375 0.4638333333333333 0.03175 0.04433333333333333
0 0.450125 0.7528333333333334 0.03625 0.047
0 0.449375 0.5795 0.03375 0.043666666666666666
0 0.464625 0.4305 0.03375 0.043666666666666666
0 0.466625 0.511 0.03225 0.038
0 0.468125 0.6214999999999999 0.03475 0.048999999999999995
0 0.46775 0.6735 0.031 0.043666666666666666
0 0.47125 0.3863333333333333 0.034 0.04533333333333333
0 0.47400000000000003 0.33666666666666667 0.0335 0.04533333333333333
0 0.476375 0.7121666666666666 0.03325 0.043666666666666666
0 0.477125 0.4715 0.03075 0.043
0 0.47950000000000004 0.5511666666666667 0.033 0.04633333333333333
0 0.482125 0.7678333333333333 0.03475 0.04566666666666667
0 0.4935 0.5913333333333333 0.0325 0.043333333333333335
0 0.4955 0.43716666666666665 0.0335 0.043666666666666666
0 0.498625 0.6805 0.03475 0.04833333333333333
0 0.498625 0.6351666666666667 0.03175 0.04766666666666666
0 0.5005000000000001 0.5121666666666667 0.034 0.041
0 0.505125 0.39399999999999996 0.03325 0.043333333333333335
0 0.507625 0.3485 0.03125 0.041666666666666664
0 0.51175 0.5533333333333333 0.0345 0.04733333333333333
0 0.515375 0.4746666666666666 0.03325 0.043333333333333335
0 0.5161250000000001 0.7491666666666666 0.03075 0.041666666666666664
0 0.527875 0.6886666666666666 0.03275 0.04666666666666666
0 0.529375 0.4345 0.03125 0.041
0 0.529875 0.5976666666666667 0.029750000000000002 0.044
0 0.5317500000000001 0.519 0.032 0.04133333333333333
0 0.529875 0.6413333333333333 0.02825 0.046
0 0.538875 0.39016666666666666 0.03275 0.043666666666666666
0 0.5435 0.5585 0.034 0.04833333333333333
0 0.5475 0.4686666666666667 0.032 0.04066666666666666
0 0.55675 0.7221666666666666 0.0375 0.055
0 0.55875 0.43166666666666664 0.0325 0.044
0 0.561875 0.657 0.03725 0.04666666666666666
0 0.565375 0.5903333333333333 0.04025 0.05533333333333333
0 0.560375 0.507 0.029750000000000002 0.03866666666666667
0 0.570875 0.5428333333333333 0.03275 0.045
0 0.579 0.471 0.033 0.03933333333333333
0 0.5856250000000001 0.6876666666666666 0.04075 0.056
0 0.592 0.6388333333333334 0.036000000000000004 0.04766666666666666
0 0.59075 0.5126666666666666 0.0325 0.038
0 0.593125 0.5935 0.03475 0.04833333333333333
0 0.604375 0.5533333333333333 0.03125 0.03933333333333333
