0 0.473625 0.5663333333333334 0.03475 0.051333333333333335
0 0.479875 0.6548333333333333 0.03375 0.047
0 0.4845 0.5168333333333334 0.038 0.051
0 0.504375 0.5793333333333334 0.03325 0.04733333333333333
0 0.507125 0.7361666666666666 0.03825 0.04633333333333333
0 0.515375 0.5315 0.035250000000000004 0.050333333333333334
0 0.51575 0.6923333333333334 0.0345 0.050666666666666665
0 0.52 0.44966666666666666 0.035 0.04733333333333333
0 0.528625 0.49166666666666664 0.03475 0.042666666666666665
0 0.539625 0.6033333333333333 0.04175 0.052
0 0.5395 0.7298333333333333 0.036000000000000004 0.043
0 0.5435 0.39766666666666667 0.035500000000000004 0.04666666666666666
0 0.548875 0.5579999999999999 0.03625 0.04533333333333333
0 0.5595 0.43766666666666665 0.034 0.043333333333333335
0 0.565375 0.6903333333333334 0.04125 0.05733333333333333
0 0.567375 0.6376666666666666 0.03275 0.044
0 0.569375 0.5195 0.035750000000000004 0.051666666666666666
0 0.576375 0.7496666666666666 0.035750000000000004 0.051333333333333335
0 0.584875 0.4038333333333333 0.035250000000000004 0.04833333333333333
0 0.5896250000000001 0.5601666666666667 0.03675 0.050333333333333334
0 0.597 0.44916666666666666 0.035 0.04433333333333333
0 0.601375 0.6266666666666666 0.04225 0.04933333333333333
0 0.604375 0.5111666666666667 0.03875 0.05366666666666667
0 0.60475 0.35833333333333334 0.031 0.041999999999999996
0 0.60875 0.6746666666666666 0.0375 0.05466666666666666
0 0.613 0.7303333333333333 0.0345 0.05266666666666667
0 0.619625 0.39866666666666667 0.03325 0.044
0 0.627875 0.5621666666666667 0.035750000000000004 0.048999999999999995
0 0.636875 0.45016666666666666 0.03875 0.051666666666666666
0 0.637625 0.3465 0.03775 0.047
0 0.6465 0.6855 0.0375 0.051
0 0.652875 0.508 0.03425 0.046
0 0.652875 0.6221666666666666 0.03075 0.045
0 0.6607500000000001 0.38216666666666665 0.037 0.04433333333333333
0 0.66225 0.5543333333333333 0.0335 0.04533333333333333
0 0.669625 0.736 0.04025 0.04733333333333333
0 0.67325 0.44366666666666665 0.0335 0.04466666666666667
0 0.67475 0.33649999999999997 0.0365 0.043666666666666666
0 0.67825 0.6611666666666667 0.033 0.050333333333333334
0 0.68575 0.5011666666666666 0.0395 0.05233333333333333
0 0.68375 0.6054999999999999 0.0335 0.050333333333333334
0 0.694625 0.37916666666666665 0.03225 0.04433333333333333
0 0.70475 0.7006666666666667 0.036000000000000004 0.04066666666666666
0 0.7095 0.429 0.035500000000000004 0.04666666666666666
0 0.711 0.5398333333333333 0.038 0.051
0 0.71775 0.6258333333333334 0.034 0.04566666666666667
0 0.717 0.3293333333333333 0.0315 0.04133333333333333
0 0.7348750000000001 0.4715 0.035250000000000004 0.04433333333333333
0 0.738 0.3885 0.038 0.049666666666666665
0 0.739625 0.6859999999999999 0.03375 0.04533333333333333
0 0.747375 0.5705 0.04025 0.051666666666666666
0 0.75125 0.3358333333333333 0.037 0.04633333333333333
0 0.76775 0.5116666666666666 0.0385 0.05333333333333333
0 0.7685 0.6398333333333334 0.035500000000000004 0.047
0 0.77475 0.3978333333333333 0.037 0.04433333333333333
0 0.781375 0.4478333333333333 0.03275 0.047
0 0.81925 0.5418333333333333 0.0405 0.051
0 0.816125 0.48766666666666664 0.03375 0.048
0 0.823875 0.41966666666666663 0.03925 0.04466666666666667
