0 0.47900000000000004 0.5188333333333334 0.035500000000000004 0.051666666666666666
0 0.4825 0.5933333333333333 0.0375 0.048666666666666664
0 0.4825 0.4498333333333333 0.0345 0.04433333333333333
0 0.493 0.6585 0.033 0.045
0 0.50325 0.8443333333333333 0.035 0.050666666666666665
0 0.517 0.621 0.0395 0.054
0 0.51725 0.5543333333333333 0.034 0.04666666666666666
0 0.51925 0.7653333333333333 0.033 0.050666666666666665
0 0.520875 0.42033333333333334 0.03475 0.050666666666666665
0 0.520375 0.4935 0.03375 0.047
0 0.526 0.7033333333333333 0.0315 0.046
0 0.5543750000000001 0.6653333333333333 0.03725 0.04666666666666666
0 0.55475 0.3446666666666667 0.038 0.048
0 0.55725 0.5225 0.035 0.04766666666666666
0 0.56025 0.4413333333333333 0.036000000000000004 0.04733333333333333
0 0.567625 0.5965 0.03425 0.049666666666666665
0 0.59 0.36333333333333334 0.0365 0.04933333333333333
0 0.5935 0.6506666666666666 0.0385 0.05266666666666667
0 0.5942500000000001 0.29966666666666664 0.036000000000000004 0.048666666666666664
0 0.594625 0.46799999999999997 0.035250000000000004 0.050666666666666665
0 0.59475 0.7048333333333333 0.034 0.053
0 0.6005 0.7621666666666667 0.0325 0.047
0 0.6052500000000001 0.5778333333333333 0.0395 0.05566666666666666
0 0.615375 0.5168333333333334 0.03425 0.04566666666666667
0 0.624375 0.6788333333333333 0.03875 0.051
0 0.622375 0.3303333333333333 0.03325 0.043333333333333335
0 0.62475 0.38766666666666666 0.0335 0.042666666666666665
0 0.6275000000000001 0.2806666666666667 0.0315 0.041999999999999996
0 0.631875 0.6141666666666666 0.03425 0.047
0 0.6431250000000001 0.5496666666666666 0.03875 0.051333333333333335
0 0.6455 0.48433333333333334 0.0395 0.051333333333333335
0 0.653625 0.7266666666666667 0.03325 0.050666666666666665
0 0.65825 0.352 0.0335 0.044
0 0.6587500000000001 0.288 0.034 0.04533333333333333
0 0.664625 0.6433333333333333 0.03725 0.05533333333333333
0 0.665375 0.5876666666666667 0.03675 0.050666666666666665
0 0.67 0.41533333333333333 0.038 0.048
0 0.67525 0.5293333333333333 0.0375 0.04933333333333333
0 0.686875 0.31866666666666665 0.035250000000000004 0.04466666666666667
0 0.68725 0.4715 0.035500000000000004 0.04566666666666667
0 0.6880000000000001 0.2683333333333333 0.0365 0.052
0 0.68925 0.375 0.037 0.04933333333333333
0 0.692375 0.6938333333333333 0.04025 0.051
0 0.704125 0.5616666666666666 0.035250000000000004 0.051333333333333335
0 0.71575 0.6241666666666666 0.0365 0.047
0 0.719375 0.49033333333333334 0.03725 0.050666666666666665
0 0.72075 0.2856666666666667 0.032 0.04533333333333333
0 0.7225 0.4155 0.034 0.04433333333333333
0 0.7295 0.7293333333333333 0.047 0.049999999999999996
0 0.724 0.32666666666666666 0.0345 0.04533333333333333
0 0.74 0.6726666666666666 0.0365 0.04533333333333333
0 0.745375 0.5313333333333333 0.03875 0.049999999999999996
0 0.74975 0.2543333333333333 0.03 0.03933333333333333
0 0.753625 0.6028333333333333 0.03475 0.05233333333333333
0 0.755125 0.31016666666666665 0.03225 0.04433333333333333
0 0.757875 0.45566666666666666 0.035750000000000004 0.042666666666666665
0 0.761 0.3865 0.0335 0.04433333333333333
0 0.775875 0.6913333333333334 0.03325 0.048666666666666664
0 0.783375 0.26816666666666666 0.03475 0.04633333333333333
0 0.78525 0.6236666666666666 0.034 0.04733333333333333
0 0.791125 0.5626666666666666 0.04075 0.056
0 0.793125 0.49566666666666664 0.03875 0.05466666666666666
0 0.80125 0.3486666666666667 0.0385 0.05533333333333333
0 0.803625 0.41633333333333333 0.03175 0.04733333333333333
0 0.8270000000000001 0.6986666666666667 0.0375 0.04933333333333333
0 0.8310000000000001 0.6168333333333333 0.035 0.051666666666666666
0 0.852875 0.51 0.03975 0.051333333333333335
0 0.8615 0.27699999999999997 0.0365 0.04733333333333333
0 0.8668750000000001 0.46216666666666667 0.035750000000000004 0.04833333333333333
0 0.86925 0.36383333333333334 0.0335 0.04433333333333333
