0 0.54625 0.6033333333333333 0.037 0.050666666666666665
0 0.552125 0.49816666666666665 0.03825 0.049666666666666665
0 0.5525 0.5521666666666667 0.0365 0.051
0 0.5650000000000001 0.6433333333333333 0.034 0.048
0 0.579875 0.5876666666666667 0.03175 0.04933333333333333
0 0.586 0.5356666666666666 0.038 0.049999999999999996
0 0.59075 0.48566666666666664 0.038 0.05333333333333333
0 0.599375 0.4378333333333333 0.03625 0.048999999999999995
0 0.6045 0.6688333333333333 0.035 0.04766666666666666
0 0.6098750000000001 0.6194999999999999 0.03925 0.051666666666666666
0 0.614125 0.5695 0.04125 0.049666666666666665
0 0.6188750000000001 0.7148333333333333 0.03775 0.05233333333333333
0 0.621625 0.5195 0.03425 0.04766666666666666
0 0.628625 0.4696666666666667 0.03975 0.05266666666666667
0 0.629125 0.7626666666666666 0.03925 0.05266666666666667
0 0.633375 0.414 0.03625 0.048
0 0.637625 0.6565 0.03475 0.04833333333333333
0 0.647 0.6101666666666666 0.0345 0.047
0 0.6505 0.5548333333333333 0.035500000000000004 0.051
0 0.654 0.8033333333333333 0.0375 0.05333333333333333
0 0.6595 0.7334999999999999 0.039 0.048999999999999995
0 0.658375 0.5001666666666666 0.03325 0.047
0 0.6637500000000001 0.448 0.0345 0.04533333333333333
0 0.67325 0.6866666666666666 0.043500000000000004 0.050666666666666665
0 0.669625 0.3988333333333333 0.03425 0.045
0 0.682125 0.5876666666666667 0.03875 0.05333333333333333
0 0.68175 0.6371666666666667 0.036000000000000004 0.047
0 0.684875 0.5361666666666667 0.03775 0.051
0 0.688375 0.8163333333333334 0.035250000000000004 0.04466666666666667
0 0.6935 0.7695 0.0395 0.05233333333333333
0 0.694625 0.4746666666666666 0.03275 0.042666666666666665
0 0.700125 0.42033333333333334 0.03825 0.048666666666666664
0 0.704 0.72 0.036000000000000004 0.04733333333333333
0 0.711 0.6699999999999999 0.039 0.05333333333333333
0 0.716125 0.37316666666666665 0.04075 0.056999999999999995
0 0.716875 0.621 0.03925 0.05266666666666667
0 0.71775 0.5751666666666666 0.035500000000000004 0.04833333333333333
0 0.722 0.5168333333333334 0.0415 0.05566666666666666
0 0.730625 0.8048333333333333 0.035750000000000004 0.04633333333333333
0 0.733375 0.4613333333333333 0.03625 0.04666666666666666
0 0.7368750000000001 0.7521666666666667 0.03775 0.053
0 0.74075 0.7033333333333333 0.041 0.051333333333333335
0 0.74475 0.4083333333333333 0.035 0.046
0 0.7478750000000001 0.6533333333333333 0.035250000000000004 0.04733333333333333
0 0.7545000000000001 0.6018333333333333 0.04 0.06033333333333333
0 0.756 0.357 0.0365 0.048
0 0.7595000000000001 0.5491666666666667 0.038 0.04766666666666666
0 0.7685 0.7903333333333333 0.041 0.052
0 0.76925 0.49116666666666664 0.0385 0.047
0 0.7791250000000001 0.694 0.03825 0.05266666666666667
0 0.77825 0.4403333333333333 0.0365 0.050666666666666665
0 0.7795 0.7433333333333333 0.039 0.052
0 0.785375 0.39449999999999996 0.04075 0.049666666666666665
0 0.786125 0.6345 0.04175 0.05633333333333333
0 0.7947500000000001 0.5768333333333333 0.036000000000000004 0.04833333333333333
0 0.8013750000000001 0.5288333333333333 0.03725 0.04766666666666666
0 0.809125 0.47533333333333333 0.04175 0.05533333333333333
0 0.80825 0.7778333333333333 0.037 0.048999999999999995
0 0.816875 0.7256666666666667 0.04175 0.056
0 0.82075 0.6675 0.0365 0.04833333333333333
0 0.827875 0.6183333333333333 0.04675 0.06066666666666667
0 0.83175 0.5636666666666666 0.044 0.05933333333333333
0 0.830125 0.4098333333333333 0.03975 0.049666666666666665
0 0.8435 0.5095 0.0385 0.04833333333333333
0 0.8505 0.45266666666666666 0.043500000000000004 0.04733333333333333
0 0.858375 0.7016666666666667 0.03775 0.05266666666666667
0 0.8575 0.6471666666666667 0.035 0.048999999999999995
0 0.866125 0.5918333333333333 0.03725 0.048999999999999995
0 0.8778750000000001 0.5423333333333333 0.04525 0.06066666666666667
0 0.885 0.48716666666666664 0.045 0.04833333333333333
