0 0.534875 0.475 0.02925 0.04133333333333333
0 0.5367500000000001 0.43666666666666665 0.032 0.048
0 0.538375 0.607 0.03225 0.04533333333333333
0 0.54 0.6513333333333333 0.033 0.046
0 0.547875 0.5648333333333333 0.03675 0.04833333333333333
0 0.554125 0.521 0.03075 0.04133333333333333
0 0.56075 0.39866666666666667 0.0365 0.048
0 0.55875 0.6839999999999999 0.0315 0.043333333333333335
0 0.5705 0.606 0.034 0.04466666666666667
0 0.56925 0.44316666666666665 0.031 0.042333333333333334
0 0.578375 0.488 0.03425 0.049999999999999996
0 0.5806250000000001 0.6538333333333333 0.035250000000000004 0.048999999999999995
0 0.584875 0.35616666666666663 0.03425 0.041
0 0.584125 0.5351666666666667 0.03225 0.043
0 0.5935 0.7048333333333333 0.0315 0.041666666666666664
0 0.595875 0.4091666666666667 0.03375 0.043666666666666666
0 0.597875 0.5825 0.03625 0.04766666666666666
0 0.60175 0.4533333333333333 0.034 0.04533333333333333
0 0.60675 0.6258333333333334 0.0305 0.043
0 0.6115 0.507 0.0305 0.04066666666666666
0 0.6185 0.6719999999999999 0.033 0.04666666666666666
0 0.62 0.37416666666666665 0.0345 0.04433333333333333
0 0.6275000000000001 0.7193333333333333 0.0385 0.048666666666666664
0 0.625125 0.5511666666666667 0.03075 0.042333333333333334
0 0.62825 0.421 0.031 0.04133333333333333
0 0.63225 0.596 0.035 0.04733333333333333
0 0.634875 0.4693333333333333 0.03375 0.04533333333333333
0 0.6415 0.6396666666666666 0.037 0.04733333333333333
0 0.644625 0.5153333333333333 0.03475 0.04733333333333333
0 0.64775 0.344 0.0375 0.046
0 0.6551250000000001 0.38916666666666666 0.03675 0.047
0 0.653625 0.6923333333333334 0.03225 0.04666666666666666
0 0.657625 0.5653333333333334 0.03425 0.046
0 0.659875 0.7371666666666666 0.03175 0.043
0 0.666125 0.432 0.03325 0.043333333333333335
0 0.66725 0.608 0.0335 0.04533333333333333
0 0.66925 0.479 0.035 0.046
0 0.674 0.6595 0.0325 0.04633333333333333
0 0.6775 0.5305 0.0335 0.04433333333333333
0 0.6833750000000001 0.34883333333333333 0.03725 0.04833333333333333
0 0.689875 0.7058333333333333 0.03775 0.051
0 0.689125 0.39666666666666667 0.03425 0.044
0 0.693875 0.5753333333333334 0.03675 0.04933333333333333
0 0.7025 0.621 0.0365 0.048
0 0.70525 0.4905 0.038 0.051
0 0.7036250000000001 0.4385 0.03475 0.045
0 0.715875 0.6679999999999999 0.03375 0.044
0 0.718125 0.361 0.03375 0.042666666666666665
0 0.7205 0.5408333333333333 0.0325 0.042333333333333334
0 0.72675 0.7163333333333333 0.035500000000000004 0.051333333333333335
0 0.730125 0.4013333333333333 0.03725 0.048
0 0.732875 0.5856666666666667 0.03275 0.046
0 0.74 0.6366666666666666 0.0385 0.050666666666666665
0 0.738375 0.45549999999999996 0.03225 0.04433333333333333
0 0.749375 0.6798333333333333 0.03375 0.042333333333333334
0 0.75125 0.5021666666666667 0.036000000000000004 0.04833333333333333
0 0.75875 0.5543333333333333 0.033 0.041999999999999996
0 0.764625 0.3765 0.03875 0.05233333333333333
0 0.767375 0.6016666666666667 0.03925 0.05466666666666666
0 0.76925 0.42233333333333334 0.0345 0.04466666666666667
0 0.77825 0.6445 0.038 0.043
0 0.780625 0.472 0.03475 0.04533333333333333
0 0.788375 0.5188333333333334 0.03825 0.051
0 0.7977500000000001 0.5683333333333334 0.0365 0.04733333333333333
0 0.802875 0.39299999999999996 0.03325 0.04533333333333333
0 0.809125 0.6163333333333333 0.04175 0.054
0 0.8083750000000001 0.44 0.03775 0.04733333333333333
0 0.827875 0.532 0.03775 0.04733333333333333
0 0.8325 0.48533333333333334 0.035500000000000004 0.04533333333333333
0 0.8396250000000001 0.5818333333333333 0.03925 0.043666666666666666
