0 0.37825000000000003 0.4043333333333333 0.035 0.05533333333333333
0 0.383125 0.45866666666666667 0.03775 0.051333333333333335
0 0.394125 0.5168333333333334 0.03475 0.04566666666666667
0 0.39875 0.5658333333333333 0.0365 0.053
0 0.410375 0.37466666666666665 0.03725 0.056666666666666664
0 0.410375 0.6168333333333333 0.035250000000000004 0.05433333333333333
0 0.411875 0.42783333333333334 0.035750000000000004 0.047
0 0.4185 0.483 0.035 0.05333333333333333
0 0.42862500000000003 0.3228333333333333 0.03475 0.051666666666666666
0 0.42825 0.5381666666666667 0.033 0.05233333333333333
0 0.43925000000000003 0.5886666666666667 0.0425 0.056666666666666664
0 0.44425000000000003 0.6428333333333333 0.039 0.05433333333333333
0 0.44425000000000003 0.698 0.035500000000000004 0.051333333333333335
0 0.4455 0.3918333333333333 0.033 0.04633333333333333
0 0.450125 0.45 0.03375 0.050666666666666665
0 0.452875 0.5043333333333333 0.03375 0.049999999999999996
0 0.46387500000000004 0.29816666666666664 0.035750000000000004 0.048999999999999995
0 0.466625 0.5548333333333333 0.03375 0.049666666666666665
0 0.474375 0.35616666666666663 0.03925 0.05233333333333333
0 0.479375 0.4116666666666666 0.03675 0.050666666666666665
0 0.47975 0.6611666666666667 0.0375 0.05433333333333333
0 0.47950000000000004 0.606 0.0315 0.058666666666666666
0 0.488 0.47633333333333333 0.047 0.057999999999999996
0 0.488 0.7136666666666667 0.0395 0.052
0 0.495375 0.2568333333333333 0.03375 0.04566666666666667
0 0.49975 0.5298333333333333 0.039 0.053
0 0.504375 0.319 0.03825 0.052
0 0.51225 0.58 0.0375 0.049999999999999996
0 0.515 0.6335 0.0395 0.06033333333333333
0 0.51575 0.3748333333333333 0.033 0.04833333333333333
0 0.52125 0.432 0.036000000000000004 0.04933333333333333
0 0.521625 0.6859999999999999 0.03625 0.048
0 0.531375 0.7351666666666666 0.04125 0.05366666666666667
0 0.533375 0.4945 0.03475 0.04833333333333333
0 0.538 0.2813333333333333 0.0415 0.05733333333333333
0 0.5395 0.5476666666666666 0.042 0.05533333333333333
0 0.544375 0.3393333333333333 0.04025 0.056666666666666664
0 0.5493750000000001 0.598 0.03725 0.050666666666666665
0 0.552875 0.6533333333333333 0.043250000000000004 0.05933333333333333
0 0.551 0.3918333333333333 0.033 0.045
0 0.561125 0.45016666666666666 0.043750000000000004 0.061
0 0.56775 0.7195 0.037 0.05433333333333333
0 0.572375 0.30183333333333334 0.03375 0.04766666666666666
0 0.576375 0.5038333333333334 0.03875 0.05233333333333333
0 0.57825 0.5575 0.036000000000000004 0.050333333333333334
0 0.583375 0.35816666666666663 0.04175 0.058333333333333334
0 0.5876250000000001 0.6204999999999999 0.03825 0.05233333333333333
0 0.595125 0.41633333333333333 0.04175 0.05533333333333333
0 0.592375 0.6729999999999999 0.035250000000000004 0.04933333333333333
0 0.607625 0.4703333333333333 0.03625 0.048
0 0.615375 0.5261666666666667 0.04075 0.057666666666666665
0 0.61725 0.583 0.042 0.058666666666666666
0 0.616125 0.3218333333333333 0.03225 0.047
0 0.62825 0.6481666666666667 0.042 0.061
0 0.627875 0.376 0.03475 0.048666666666666664
0 0.640375 0.4363333333333333 0.03825 0.054
0 0.647375 0.4955 0.04275 0.05566666666666666
0 0.651625 0.5496666666666666 0.03725 0.05266666666666667
0 0.659875 0.6026666666666667 0.04225 0.056
0 0.6575 0.3338333333333333 0.0375 0.051666666666666666
0 0.674 0.657 0.05 0.058666666666666666
0 0.673625 0.39199999999999996 0.04425 0.058666666666666666
0 0.6795 0.45066666666666666 0.0385 0.05333333333333333
0 0.6865 0.5128333333333334 0.0395 0.051
0 0.695375 0.569 0.04575 0.06133333333333333
0 0.716125 0.6355 0.04475 0.05566666666666666
0 0.715 0.4136666666666666 0.039 0.05333333333333333
0 0.718875 0.4713333333333333 0.04675 0.06133333333333333
0 0.732625 0.5288333333333333 0.03875 0.051
0 0.73375 0.5913333333333333 0.0395 0.05266666666666667
0 0.797125 0.034833333333333334 0.035250000000000004 0.048999999999999995
