0 0.29683333333333334 0.5876250000000001 0.043666666666666666 0.03175
0 0.3135 0.6501250000000001 0.03966666666666666 0.03225
0 0.321 0.68175 0.03933333333333333 0.0315
0 0.33616666666666667 0.573625 0.041666666666666664 0.03125
0 0.33766666666666667 0.50525 0.04 0.0325
0 0.3388333333333333 0.538 0.039 0.033
0 0.3455 0.6025 0.043 0.035500000000000004
0 0.35383333333333333 0.6365000000000001 0.043666666666666666 0.0315
0 0.35783333333333334 0.670125 0.04566666666666667 0.03625
0 0.37 0.486875 0.04533333333333333 0.03275
0 0.3725 0.517375 0.03966666666666666 0.03125
0 0.37466666666666665 0.545 0.04133333333333333 0.0305
0 0.3783333333333333 0.7045 0.043333333333333335 0.0335
0 0.3793333333333333 0.577875 0.04066666666666666 0.03075
0 0.3888333333333333 0.61225 0.03966666666666666 0.031
0 0.39449999999999996 0.6501250000000001 0.04433333333333333 0.035250000000000004
0 0.4096666666666667 0.470875 0.04 0.03025
0 0.41233333333333333 0.532875 0.03933333333333333 0.03125
0 0.41466666666666663 0.7365 0.04133333333333333 0.031
0 0.413 0.49825 0.036 0.031
0 0.4215 0.677125 0.043 0.03225
0 0.42166666666666663 0.5630000000000001 0.04 0.0305
0 0.42483333333333334 0.591875 0.041666666666666664 0.03125
0 0.427 0.62825 0.042666666666666665 0.0305
0 0.4343333333333333 0.443875 0.04466666666666667 0.03325
0 0.445 0.707125 0.03933333333333333 0.03175
0 0.44766666666666666 0.510375 0.03866666666666667 0.029750000000000002
0 0.4578333333333333 0.541625 0.045 0.03475
0 0.45849999999999996 0.6567500000000001 0.04433333333333333 0.035
0 0.46349999999999997 0.5760000000000001 0.043666666666666666 0.033
0 0.46299999999999997 0.73875 0.03866666666666667 0.033
0 0.4676666666666667 0.6115 0.048 0.0325
0 0.4648333333333333 0.465 0.041 0.029
0 0.483 0.6863750000000001 0.043333333333333335 0.03125
0 0.4835 0.490375 0.043 0.03075
0 0.4885 0.519625 0.03833333333333333 0.02875
0 0.496 0.724 0.04066666666666666 0.035
0 0.4955 0.554 0.03833333333333333 0.0285
0 0.5031666666666667 0.447875 0.04433333333333333 0.03175
0 0.5001666666666666 0.635 0.03833333333333333 0.0285
0 0.5023333333333333 0.763875 0.03933333333333333 0.02925
0 0.5075 0.595875 0.042333333333333334 0.03225
0 0.5151666666666667 0.665375 0.041666666666666664 0.03275
0 0.5231666666666667 0.50675 0.042333333333333334 0.0305
0 0.5283333333333333 0.69775 0.043333333333333335 0.035
0 0.5278333333333333 0.47750000000000004 0.041666666666666664 0.032
0 0.5298333333333333 0.537625 0.043 0.03275
0 0.5371666666666667 0.733375 0.045 0.03475
0 0.5346666666666666 0.5665 0.03866666666666667 0.029
0 0.5433333333333333 0.64275 0.042666666666666665 0.031
0 0.5435 0.611 0.03966666666666666 0.032
0 0.5575 0.443875 0.03966666666666666 0.02775
0 0.5663333333333334 0.71175 0.048 0.0345
0 0.5616666666666666 0.5185 0.03866666666666667 0.029
0 0.5633333333333334 0.6783750000000001 0.038 0.03125
0 0.5653333333333334 0.48962500000000003 0.04 0.03175
0 0.5741666666666666 0.546625 0.041666666666666664 0.03375
0 0.5771666666666666 0.756375 0.047 0.035750000000000004
0 0.5761666666666666 0.581 0.043 0.031
0 0.5813333333333334 0.623125 0.03933333333333333 0.03025
0 0.5903333333333333 0.65475 0.04 0.031
0 0.5955 0.4685 0.041 0.029500000000000002
0 0.5975 0.5005000000000001 0.04033333333333333 0.033
0 0.6033333333333333 0.6920000000000001 0.041999999999999996 0.032
0 0.6063333333333333 0.531875 0.03933333333333333 0.029750000000000002
0 0.6121666666666666 0.601625 0.04033333333333333 0.03175
0 0.6114999999999999 0.729 0.036333333333333336 0.028
0 0.6158333333333333 0.564625 0.03766666666666667 0.02925
0 0.6278333333333334 0.638125 0.039 0.03275
0 0.6298333333333334 0.668875 0.042333333333333334 0.03325
0 0.631 0.48612500000000003 0.04066666666666666 0.03275
0 0.6413333333333333 0.5161250000000001 0.043333333333333335 0.03175
0 0.647 0.5865 0.04133333333333333 0.033
0 0.6455 0.5435 0.035666666666666666 0.029500000000000002
0 0.6475 0.704875 0.03833333333333333 0.03425
0 0.6585 0.615 0.039 0.0285
0 0.6646666666666666 0.650875 0.038 0.03125
0 0.6788333333333333 0.565375 0.037 0.03075
0 0.6876666666666666 0.595 0.04466666666666667 0.0335
0 0.6893333333333334 0.69625 0.04066666666666666 0.0315
0 0.6975 0.6275000000000001 0.03966666666666666 0.03
0 0.7043333333333333 0.659125 0.03933333333333333 0.03225
