0 0.16999999999999998 0.6895 0.044 0.0345
0 0.18966666666666665 0.7645000000000001 0.03933333333333333 0.035
0 0.195 0.8013750000000001 0.041999999999999996 0.03475
0 0.20783333333333331 0.67125 0.042333333333333334 0.033
0 0.21566666666666667 0.5975 0.044 0.0335
0 0.21366666666666667 0.63325 0.03933333333333333 0.035
0 0.22016666666666665 0.70375 0.043 0.037
0 0.22783333333333333 0.741125 0.04433333333333333 0.03275
0 0.22866666666666666 0.78025 0.046 0.0385
0 0.24433333333333332 0.608375 0.04666666666666666 0.03275
0 0.25083333333333335 0.63725 0.048999999999999995 0.0335
0 0.25016666666666665 0.574375 0.043 0.035250000000000004
0 0.2543333333333333 0.671625 0.044 0.03475
0 0.2593333333333333 0.821625 0.04666666666666666 0.03625
0 0.26216666666666666 0.71225 0.04433333333333333 0.0335
0 0.2713333333333333 0.754375 0.048 0.03675
0 0.2905 0.5545 0.043666666666666666 0.0305
0 0.29166666666666663 0.621625 0.04066666666666666 0.03275
0 0.29333333333333333 0.584875 0.04133333333333333 0.03075
0 0.2985 0.856 0.048999999999999995 0.035500000000000004
0 0.29833333333333334 0.78725 0.04733333333333333 0.036000000000000004
0 0.29666666666666663 0.654375 0.043333333333333335 0.03025
0 0.30333333333333334 0.68725 0.044 0.032
0 0.30433333333333334 0.7275 0.04466666666666667 0.0365
0 0.3178333333333333 0.5255 0.04766666666666666 0.033
0 0.32716666666666666 0.82075 0.04766666666666666 0.0365
0 0.32566666666666666 0.593875 0.041999999999999996 0.029750000000000002
0 0.33649999999999997 0.627875 0.049666666666666665 0.03625
0 0.3426666666666667 0.7615000000000001 0.049999999999999996 0.038
0 0.3445 0.665375 0.04566666666666667 0.035750000000000004
0 0.3451666666666667 0.543125 0.043666666666666666 0.03075
0 0.3501666666666667 0.706 0.047 0.0365
0 0.35233333333333333 0.858375 0.04133333333333333 0.03425
0 0.36366666666666664 0.571625 0.04733333333333333 0.03225
0 0.37216666666666665 0.60175 0.04033333333333333 0.0335
0 0.374 0.7935 0.043333333333333335 0.034
0 0.3793333333333333 0.64 0.04133333333333333 0.031
0 0.3853333333333333 0.834875 0.044 0.03475
0 0.38866666666666666 0.526 0.046 0.0315
0 0.38766666666666666 0.73175 0.042666666666666665 0.0335
0 0.3933333333333333 0.888 0.048666666666666664 0.038
0 0.39316666666666666 0.6865 0.04833333333333333 0.0365
0 0.4066666666666667 0.766875 0.048666666666666664 0.03675
0 0.4098333333333333 0.5865 0.04633333333333333 0.032
0 0.413 0.552875 0.04466666666666667 0.03275
0 0.41783333333333333 0.6185 0.04633333333333333 0.0335
0 0.42383333333333334 0.8045 0.04833333333333333 0.0405
0 0.42233333333333334 0.651375 0.042666666666666665 0.035750000000000004
0 0.4328333333333333 0.8475 0.05433333333333333 0.0405
0 0.4368333333333333 0.73925 0.053 0.038
0 0.43716666666666665 0.702375 0.04766666666666666 0.03625
0 0.4465 0.51625 0.043666666666666666 0.031
0 0.45416666666666666 0.596625 0.043 0.03325
0 0.45799999999999996 0.5650000000000001 0.04 0.031
0 0.46116666666666667 0.779875 0.041666666666666664 0.03175
0 0.4691666666666667 0.820875 0.05233333333333333 0.04175
0 0.4706666666666667 0.665 0.048 0.038
0 0.4686666666666667 0.625875 0.042666666666666665 0.03425
0 0.4785 0.7135 0.042333333333333334 0.0345
0 0.4855 0.8738750000000001 0.051 0.04525
0 0.49083333333333334 0.5407500000000001 0.04566666666666667 0.033
0 0.4925 0.75175 0.043 0.0345
0 0.49566666666666664 0.57475 0.04533333333333333 0.036000000000000004
0 0.5043333333333333 0.6095 0.04533333333333333 0.0315
0 0.5075 0.794625 0.045 0.03375
0 0.5126666666666666 0.685 0.041999999999999996 0.0325
0 0.5148333333333334 0.6435 0.043 0.0325
0 0.5231666666666667 0.838125 0.047 0.035750000000000004
0 0.532 0.55675 0.04466666666666667 0.0325
0 0.533 0.727875 0.046 0.035250000000000004
0 0.5401666666666667 0.765375 0.051 0.03975
0 0.5429999999999999 0.5896250000000001 0.04533333333333333 0.03425
0 0.5469999999999999 0.6188750000000001 0.042666666666666665 0.03225
0 0.5558333333333333 0.666875 0.043666666666666666 0.03175
0 0.5611666666666667 0.809875 0.047 0.03625
0 0.5663333333333334 0.6990000000000001 0.04666666666666666 0.033
0 0.5778333333333333 0.740375 0.045 0.035250000000000004
0 0.5888333333333333 0.641625 0.04566666666666667 0.03975
0 0.6018333333333333 0.6763750000000001 0.048999999999999995 0.03875
0 0.608 0.79625 0.04466666666666667 0.035
0 0.6153333333333333 0.713125 0.046 0.03775
0 0.6263333333333333 0.7505000000000001 0.04733333333333333 0.036000000000000004
