0 0.194 0.72475 0.04666666666666666 0.043000000000000003
0 0.22916666666666666 0.707125 0.06233333333333333 0.04625
0 0.23983333333333332 0.7681250000000001 0.05233333333333333 0.03775
0 0.25066666666666665 0.665375 0.046 0.035750000000000004
0 0.2568333333333333 0.62 0.043 0.0335
0 0.26666666666666666 0.581 0.048 0.035500000000000004
0 0.2703333333333333 0.7348750000000001 0.04733333333333333 0.03975
0 0.2846666666666667 0.688125 0.04933333333333333 0.03625
0 0.297 0.604875 0.056 0.03375
0 0.2955 0.7705 0.050333333333333334 0.0375
0 0.2965 0.65125 0.04833333333333333 0.036000000000000004
0 0.31866666666666665 0.735375 0.04933333333333333 0.03725
0 0.32516666666666666 0.573125 0.04766666666666666 0.035750000000000004
0 0.3238333333333333 0.53725 0.039 0.033
0 0.3363333333333333 0.809125 0.056666666666666664 0.04475
0 0.33516666666666667 0.699375 0.045 0.03425
0 0.33749999999999997 0.62875 0.047 0.0375
0 0.34983333333333333 0.77075 0.04433333333333333 0.0365
0 0.36133333333333334 0.5181250000000001 0.048 0.03625
0 0.36216666666666664 0.592 0.04566666666666667 0.0325
0 0.36516666666666664 0.663375 0.047 0.035250000000000004
0 0.36566666666666664 0.553625 0.041999999999999996 0.03225
0 0.3788333333333333 0.840375 0.04566666666666667 0.03675
0 0.381 0.7282500000000001 0.048 0.038
0 0.3835 0.625125 0.04566666666666667 0.03475
0 0.3923333333333333 0.490375 0.04533333333333333 0.03325
0 0.4031666666666667 0.7755 0.05566666666666666 0.043500000000000004
0 0.4068333333333333 0.691125 0.051 0.03925
0 0.4071666666666667 0.570125 0.04833333333333333 0.03625
0 0.41233333333333333 0.529 0.048 0.0345
0 0.42133333333333334 0.81925 0.05266666666666667 0.044
0 0.426 0.6025 0.046 0.0345
0 0.43116666666666664 0.659125 0.051 0.03875
0 0.433 0.858375 0.05266666666666667 0.03925
0 0.437 0.738375 0.048 0.03725
0 0.451 0.78725 0.050666666666666665 0.045
0 0.45566666666666666 0.56025 0.051333333333333335 0.0365
0 0.4538333333333333 0.504125 0.043 0.03425
0 0.4618333333333333 0.69825 0.05433333333333333 0.0405
0 0.4706666666666667 0.625875 0.05266666666666667 0.03625
0 0.471 0.827125 0.04933333333333333 0.035750000000000004
0 0.4865 0.58925 0.051666666666666666 0.0385
0 0.49516666666666664 0.73375 0.051666666666666666 0.039
0 0.4968333333333333 0.666625 0.051666666666666666 0.03875
0 0.49416666666666664 0.8778750000000001 0.045 0.03625
0 0.497 0.48962500000000003 0.04933333333333333 0.03675
0 0.5013333333333333 0.5275 0.04733333333333333 0.0365
0 0.5033333333333333 0.77275 0.048 0.0405
0 0.521 0.814625 0.048 0.03675
0 0.521 0.5595 0.04666666666666666 0.0365
0 0.523 0.700625 0.046 0.03475
0 0.5365 0.6032500000000001 0.043 0.0345
0 0.5361666666666667 0.850625 0.03966666666666666 0.03175
0 0.5508333333333333 0.738 0.051 0.037
0 0.5543333333333333 0.498625 0.050666666666666665 0.03675
0 0.5533333333333333 0.668875 0.048 0.03675
0 0.5621666666666667 0.784125 0.053 0.04225
0 0.5705 0.82625 0.055 0.043500000000000004
0 0.5685 0.535375 0.051 0.03775
0 0.568 0.57475 0.04466666666666667 0.039
0 0.573 0.62825 0.052 0.039
0 0.5778333333333333 0.70525 0.05233333333333333 0.04
0 0.5846666666666667 0.87 0.04066666666666666 0.036000000000000004
0 0.6033333333333333 0.668875 0.048 0.035750000000000004
0 0.6043333333333333 0.756875 0.048 0.03725
0 0.608 0.596625 0.04533333333333333 0.035750000000000004
0 0.6168333333333333 0.7977500000000001 0.05566666666666666 0.0425
0 0.6143333333333333 0.5595 0.04466666666666667 0.0325
0 0.6214999999999999 0.515 0.050333333333333334 0.0395
0 0.6278333333333334 0.63675 0.04566666666666667 0.035500000000000004
0 0.6293333333333333 0.72 0.046 0.0345
0 0.6371666666666667 0.858375 0.06033333333333333 0.04925
0 0.6563333333333333 0.765 0.04933333333333333 0.037
0 0.6553333333333333 0.5387500000000001 0.04533333333333333 0.036000000000000004
0 0.658 0.59 0.046 0.037
0 0.6615 0.68525 0.04633333333333333 0.035500000000000004
0 0.6803333333333333 0.7232500000000001 0.05333333333333333 0.039
0 0.6839999999999999 0.8153750000000001 0.04733333333333333 0.03775
0 0.6918333333333333 0.652375 0.045 0.03475
0 0.7075 0.7771250000000001 0.04766666666666666 0.03775
0 0.7085 0.690375 0.04566666666666667 0.035750000000000004
0 0.7085 0.58375 0.04433333333333333 0.0325
0 0.72 0.62275 0.05466666666666666 0.039
0 0.746 0.66425 0.04733333333333333 0.035
0 0.7538333333333334 0.74975 0.04833333333333333 0.035500000000000004
0 0.7606666666666666 0.70125 0.048 0.0365
