0 0.19883333333333333 0.711 0.045 0.0475
0 0.23333333333333334 0.69825 0.057999999999999996 0.047
0 0.24016666666666667 0.75875 0.051 0.038
0 0.25666666666666665 0.656 0.04666666666666666 0.036000000000000004
0 0.2613333333333333 0.611125 0.044 0.035750000000000004
0 0.2733333333333333 0.5735 0.05533333333333333 0.04
0 0.2728333333333333 0.726 0.050333333333333334 0.0415
0 0.2905 0.6795 0.04766666666666666 0.0365
0 0.2955 0.761875 0.05433333333333333 0.03975
0 0.305 0.597 0.05333333333333333 0.035
0 0.30333333333333334 0.641875 0.04733333333333333 0.03775
0 0.3218333333333333 0.727125 0.04766666666666666 0.03375
0 0.3338333333333333 0.80125 0.061 0.043000000000000003
0 0.33116666666666666 0.565375 0.051666666666666666 0.03625
0 0.3298333333333333 0.529 0.04566666666666667 0.034
0 0.33799999999999997 0.691625 0.04666666666666666 0.03625
0 0.3416666666666667 0.6228750000000001 0.04466666666666667 0.03675
0 0.3496666666666667 0.761 0.044 0.035
0 0.36866666666666664 0.512625 0.050666666666666665 0.03925
0 0.36966666666666664 0.657875 0.050666666666666665 0.03875
0 0.36983333333333335 0.585375 0.047 0.03275
0 0.37466666666666665 0.5485 0.04666666666666666 0.034
0 0.3755 0.8325 0.04433333333333333 0.038
0 0.3823333333333333 0.723625 0.048 0.03825
0 0.3898333333333333 0.6205 0.051666666666666666 0.036000000000000004
0 0.4085 0.488375 0.063 0.04225
0 0.4048333333333333 0.7681250000000001 0.05566666666666666 0.043750000000000004
0 0.4085 0.686875 0.050333333333333334 0.03825
0 0.41233333333333333 0.56425 0.049999999999999996 0.038
0 0.4215 0.525875 0.05366666666666667 0.03875
0 0.41816666666666663 0.8130000000000001 0.047 0.042
0 0.4285 0.852 0.053 0.0395
0 0.42966666666666664 0.599 0.04733333333333333 0.034
0 0.43416666666666665 0.65375 0.05233333333333333 0.0395
0 0.43716666666666665 0.732875 0.04833333333333333 0.03675
0 0.45016666666666666 0.7817500000000001 0.051 0.045
0 0.46266666666666667 0.695375 0.05466666666666666 0.04075
0 0.4613333333333333 0.5575 0.051333333333333335 0.037
0 0.4613333333333333 0.502 0.048 0.037
0 0.4671666666666667 0.82325 0.050333333333333334 0.04
0 0.4745 0.622375 0.055 0.03625
0 0.489 0.586875 0.054 0.03825
0 0.48683333333333334 0.872375 0.04566666666666667 0.03625
0 0.495 0.729875 0.052 0.04075
0 0.49866666666666665 0.66425 0.05333333333333333 0.04
0 0.5031666666666667 0.771625 0.049666666666666665 0.03975
0 0.5075 0.48912500000000003 0.053 0.03925
0 0.5075 0.526 0.050333333333333334 0.036000000000000004
0 0.5168333333333334 0.81075 0.04633333333333333 0.038
0 0.523 0.69825 0.04666666666666666 0.0345
0 0.5266666666666666 0.5575 0.048666666666666664 0.0345
0 0.5303333333333333 0.8475 0.044 0.038
0 0.5386666666666666 0.602125 0.046 0.035750000000000004
0 0.5479999999999999 0.7365 0.05466666666666666 0.0415
0 0.5543333333333333 0.667 0.050666666666666665 0.0385
0 0.5595 0.783 0.053 0.043000000000000003
0 0.5611666666666667 0.4975 0.051 0.0375
0 0.5653333333333334 0.823875 0.056 0.043250000000000004
0 0.5725 0.574375 0.04833333333333333 0.03825
0 0.5751666666666666 0.534875 0.050333333333333334 0.03825
0 0.5761666666666666 0.6275000000000001 0.051666666666666666 0.0395
0 0.5778333333333333 0.7045 0.05366666666666667 0.0405
0 0.5778333333333333 0.8685 0.047 0.0375
0 0.6033333333333333 0.75675 0.048 0.0375
0 0.6038333333333333 0.6685 0.04833333333333333 0.036000000000000004
0 0.6121666666666666 0.7975 0.055 0.043000000000000003
0 0.6104999999999999 0.597 0.045 0.035
0 0.6194999999999999 0.56075 0.045 0.0345
0 0.6298333333333334 0.859125 0.059 0.05075
0 0.6273333333333333 0.515375 0.04933333333333333 0.03825
0 0.6288333333333334 0.637625 0.04766666666666666 0.035750000000000004
0 0.6288333333333334 0.720875 0.047 0.035750000000000004
0 0.6543333333333333 0.76575 0.048666666666666664 0.0375
0 0.6605 0.59125 0.04833333333333333 0.037
0 0.6616666666666666 0.539625 0.04933333333333333 0.03825
0 0.6621666666666667 0.686875 0.04766666666666666 0.03625
0 0.6799999999999999 0.725125 0.05333333333333333 0.03925
0 0.6776666666666666 0.8170000000000001 0.04533333333333333 0.038
0 0.6933333333333334 0.653625 0.04733333333333333 0.03375
0 0.7043333333333333 0.777875 0.04933333333333333 0.03675
0 0.7091666666666666 0.69275 0.04433333333333333 0.0345
0 0.7116666666666667 0.586875 0.04666666666666666 0.035750000000000004
0 0.7236666666666667 0.625125 0.05466666666666666 0.03975
0 0.7476666666666666 0.665375 0.04933333333333333 0.035250000000000004
0 0.7533333333333333 0.753625 0.04466666666666667 0.035750000000000004
0 0.76 0.7045 0.048666666666666664 0.0375
