0 0.3208333333333333 0.583375 0.04566666666666667 0.03475
0 0.32916666666666666 0.53025 0.053 0.0395
0 0.344 0.6607500000000001 0.04733333333333333 0.036000000000000004
0 0.347 0.7045 0.044 0.0375
0 0.35616666666666663 0.6138750000000001 0.050333333333333334 0.04125
0 0.36583333333333334 0.746625 0.051666666666666666 0.03875
0 0.3718333333333333 0.53925 0.055 0.0425
0 0.37266666666666665 0.576625 0.051333333333333335 0.03825
0 0.39166666666666666 0.64275 0.048666666666666664 0.035
0 0.3933333333333333 0.713875 0.051333333333333335 0.04025
0 0.3903333333333333 0.7915 0.04466666666666667 0.0325
0 0.4036666666666667 0.603625 0.04666666666666666 0.03375
0 0.42 0.747 0.04666666666666666 0.036000000000000004
0 0.42066666666666663 0.52125 0.044 0.034
0 0.4245 0.552875 0.04766666666666666 0.035250000000000004
0 0.426 0.67625 0.049999999999999996 0.0395
0 0.44316666666666665 0.7115 0.04833333333333333 0.037
0 0.44166666666666665 0.7957500000000001 0.044 0.037
0 0.44516666666666665 0.589125 0.04633333333333333 0.03375
0 0.45316666666666666 0.63375 0.045 0.035
0 0.45699999999999996 0.838 0.04533333333333333 0.0395
0 0.46349999999999997 0.49075 0.04633333333333333 0.034
0 0.4648333333333333 0.5345 0.04633333333333333 0.0345
0 0.4646666666666667 0.765375 0.04466666666666667 0.035750000000000004
0 0.481 0.6707500000000001 0.04666666666666666 0.034
0 0.4895 0.802125 0.05433333333333333 0.04225
0 0.49133333333333334 0.730625 0.048 0.03925
0 0.508 0.856 0.06533333333333333 0.0605
0 0.5033333333333333 0.622 0.04733333333333333 0.036000000000000004
0 0.5013333333333333 0.579375 0.042666666666666665 0.03325
0 0.5075 0.47125 0.050333333333333334 0.036000000000000004
0 0.5073333333333333 0.50375 0.04533333333333333 0.0335
0 0.511 0.542625 0.048666666666666664 0.035250000000000004
0 0.522 0.770375 0.05266666666666667 0.04025
0 0.5246666666666666 0.697875 0.050666666666666665 0.03925
0 0.5361666666666667 0.658 0.048999999999999995 0.038
0 0.5459999999999999 0.809875 0.05266666666666667 0.03975
0 0.5516666666666666 0.614125 0.05466666666666666 0.04125
0 0.5506666666666666 0.5650000000000001 0.04466666666666667 0.0335
0 0.5575 0.733375 0.053 0.04025
0 0.5575 0.497 0.048999999999999995 0.035
0 0.5641666666666666 0.529375 0.045 0.03175
0 0.5756666666666667 0.7755 0.050666666666666665 0.041
0 0.5751666666666666 0.69225 0.045 0.033
0 0.5803333333333334 0.8615 0.04733333333333333 0.038
0 0.5876666666666667 0.6551250000000001 0.056666666666666664 0.03875
0 0.5861666666666666 0.47125 0.045 0.0325
0 0.5971666666666666 0.572375 0.04566666666666667 0.03325
0 0.609 0.726625 0.056 0.04225
0 0.6048333333333333 0.810625 0.047 0.03825
0 0.6033333333333333 0.50475 0.042666666666666665 0.0315
0 0.6073333333333333 0.6118750000000001 0.046 0.035250000000000004
0 0.6158333333333333 0.538875 0.051666666666666666 0.03725
0 0.6256666666666666 0.687625 0.04933333333333333 0.03725
0 0.6276666666666666 0.845875 0.044 0.03925
0 0.6298333333333334 0.765 0.047 0.036000000000000004
0 0.6325 0.47825 0.05233333333333333 0.035500000000000004
0 0.6543333333333333 0.596625 0.05333333333333333 0.03775
0 0.6595 0.5595 0.049666666666666665 0.0365
0 0.6596666666666666 0.515 0.04933333333333333 0.035
0 0.6626666666666666 0.79625 0.054 0.039
0 0.6641666666666667 0.7146250000000001 0.04633333333333333 0.03625
0 0.6788333333333333 0.672 0.05233333333333333 0.038
0 0.6783333333333333 0.63325 0.044 0.033
0 0.6825 0.474375 0.043 0.03425
0 0.6891666666666666 0.7595000000000001 0.04566666666666667 0.0365
0 0.6891666666666666 0.8545 0.043666666666666666 0.035
0 0.709 0.59575 0.050666666666666665 0.036000000000000004
0 0.7116666666666667 0.70875 0.04666666666666666 0.036000000000000004
0 0.7131666666666666 0.52125 0.04833333333333333 0.035
0 0.7131666666666666 0.79 0.04433333333333333 0.035500000000000004
0 0.7221666666666666 0.561125 0.051 0.03725
0 0.7266666666666667 0.631875 0.049999999999999996 0.03775
0 0.7376666666666667 0.668125 0.042666666666666665 0.03375
0 0.7438333333333333 0.827125 0.049666666666666665 0.03775
0 0.7444999999999999 0.752875 0.04433333333333333 0.03625
0 0.7585 0.5345 0.05233333333333333 0.0375
0 0.7673333333333333 0.605625 0.054 0.03875
0 0.7705 0.7935 0.043 0.035500000000000004
0 0.7771666666666667 0.693125 0.048999999999999995 0.03675
0 0.7773333333333333 0.647375 0.044 0.03475
0 0.7891666666666667 0.5720000000000001 0.053 0.0385
0 0.7933333333333333 0.752125 0.050666666666666665 0.04025
0 0.8226666666666667 0.6208750000000001 0.05333333333333333 0.03925
0 0.8205 0.716125 0.04566666666666667 0.03325
0 0.8288333333333333 0.656 0.04433333333333333 0.0335
0 0.9803333333333333 0.9223750000000001 0.03666666666666667 0.03725
