0 0.209125 0.4726666666666666 0.035250000000000004 0.04466666666666667
0 0.231 0.521 0.0365 0.048666666666666664
0 0.235875 0.5695 0.04225 0.049666666666666665
0 0.24125 0.428 0.0385 0.048
0 0.2475 0.48016666666666663 0.036000000000000004 0.047
0 0.2565 0.62 0.035500000000000004 0.050666666666666665
0 0.26775 0.536 0.038 0.04933333333333333
0 0.2765 0.5846666666666667 0.038 0.04933333333333333
0 0.27825 0.6736666666666666 0.0325 0.046
0 0.283375 0.4195 0.035750000000000004 0.047
0 0.29425 0.7324999999999999 0.037 0.050333333333333334
0 0.29962500000000003 0.4761666666666666 0.03725 0.048999999999999995
0 0.305375 0.6173333333333333 0.03475 0.044
0 0.305125 0.532 0.03325 0.04466666666666667
0 0.308125 0.38266666666666665 0.03325 0.04466666666666667
0 0.31675000000000003 0.7741666666666667 0.043500000000000004 0.05233333333333333
0 0.318125 0.6975 0.03925 0.050333333333333334
0 0.320125 0.5758333333333333 0.03775 0.048999999999999995
0 0.320625 0.43266666666666664 0.03875 0.048666666666666664
0 0.335 0.8148333333333333 0.0365 0.047
0 0.33625 0.3535 0.0365 0.04766666666666666
0 0.3365 0.48533333333333334 0.037 0.048666666666666664
0 0.343875 0.6308333333333334 0.03725 0.050333333333333334
0 0.347125 0.40066666666666667 0.03775 0.04666666666666666
0 0.348625 0.5466666666666666 0.03225 0.04466666666666667
0 0.358375 0.6971666666666666 0.03775 0.049666666666666665
0 0.362875 0.445 0.03275 0.041999999999999996
0 0.365375 0.5876666666666667 0.03725 0.051333333333333335
0 0.36512500000000003 0.744 0.03475 0.04933333333333333
0 0.36675 0.7949999999999999 0.038 0.052
0 0.37025 0.5043333333333333 0.036000000000000004 0.04933333333333333
0 0.37125 0.8481666666666666 0.037 0.050333333333333334
0 0.376875 0.3318333333333333 0.03175 0.042333333333333334
0 0.379625 0.6553333333333333 0.03275 0.044
0 0.384125 0.382 0.03375 0.04466666666666667
0 0.385125 0.5465 0.03325 0.03766666666666667
0 0.39287500000000003 0.71 0.03325 0.046
0 0.39687500000000003 0.7663333333333333 0.03975 0.052
0 0.39625 0.4678333333333333 0.037 0.04833333333333333
0 0.40325 0.61 0.039 0.048666666666666664
0 0.408375 0.5131666666666667 0.03775 0.047
0 0.40675 0.8141666666666666 0.034 0.047
0 0.408375 0.42133333333333334 0.03625 0.04666666666666666
0 0.411125 0.33499999999999996 0.03625 0.04733333333333333
0 0.415375 0.6626666666666666 0.03875 0.050666666666666665
0 0.424 0.5678333333333333 0.041 0.048999999999999995
0 0.426 0.7298333333333333 0.0395 0.05233333333333333
0 0.425875 0.3825 0.035250000000000004 0.047
0 0.436 0.46166666666666667 0.0315 0.044
0 0.440875 0.6214999999999999 0.04125 0.048999999999999995
0 0.443875 0.5215 0.035750000000000004 0.04566666666666667
0 0.44625000000000004 0.7678333333333333 0.034 0.04433333333333333
0 0.4505 0.8168333333333333 0.035500000000000004 0.05566666666666666
0 0.452875 0.42033333333333334 0.03625 0.049999999999999996
0 0.45325 0.3255 0.034 0.050333333333333334
0 0.460625 0.6678333333333333 0.03825 0.048999999999999995
0 0.46225 0.5805 0.0365 0.04766666666666666
0 0.46425 0.37416666666666665 0.035500000000000004 0.049666666666666665
0 0.466875 0.7215 0.03425 0.050333333333333334
0 0.468125 0.483 0.03325 0.046
0 0.47825 0.6271666666666667 0.0345 0.045
0 0.481375 0.7641666666666667 0.03675 0.050333333333333334
0 0.48175 0.5308333333333333 0.033 0.04566666666666667
0 0.4845 0.43916666666666665 0.035500000000000004 0.047
0 0.488875 0.8236666666666667 0.03425 0.056
0 0.49512500000000004 0.3438333333333333 0.03375 0.04433333333333333
0 0.495 0.6741666666666667 0.033 0.04633333333333333
0 0.497375 0.39466666666666667 0.03725 0.04666666666666666
0 0.50325 0.49083333333333334 0.042 0.050333333333333334
0 0.50175 0.5851666666666666 0.038 0.050333333333333334
0 0.50325 0.7273333333333333 0.0405 0.05266666666666667
0 0.515375 0.7876666666666666 0.03275 0.052
0 0.51775 0.5396666666666666 0.035 0.046
0 0.52075 0.4478333333333333 0.0365 0.04766666666666666
0 0.523625 0.6268333333333334 0.03475 0.04633333333333333
0 0.534875 0.39749999999999996 0.03825 0.050333333333333334
0 0.532625 0.6746666666666666 0.03325 0.048666666666666664
0 0.538375 0.7288333333333333 0.03725 0.05366666666666667
0 0.539125 0.584 0.03475 0.049999999999999996
0 0.54 0.48683333333333334 0.033 0.04633333333333333
0 0.559125 0.7793333333333333 0.04225 0.056666666666666664
0 0.554 0.5288333333333333 0.032 0.043
0 0.5583750000000001 0.445 0.03725 0.04666666666666666
0 0.5630000000000001 0.6251666666666666 0.0365 0.04833333333333333
0 0.572875 0.5705 0.04125 0.048999999999999995
0 0.571625 0.6861666666666666 0.03725 0.04833333333333333
0 0.577125 0.48633333333333334 0.03375 0.044
0 0.5935 0.7298333333333333 0.036000000000000004 0.056999999999999995
0 0.592625 0.533 0.03375 0.04466666666666667
0 0.600125 0.623 0.03825 0.049999999999999996
0 0.6115 0.6753333333333333 0.039 0.052
0 0.61175 0.5773333333333334 0.0365 0.04733333333333333
