0 0.2553333333333333 0.626625 0.05266666666666667 0.03925
0 0.2633333333333333 0.6635 0.04933333333333333 0.0365
0 0.26166666666666666 0.700875 0.04466666666666667 0.03475
0 0.27266666666666667 0.76025 0.052 0.041
0 0.306 0.791875 0.06 0.03925
0 0.30466666666666664 0.717375 0.048 0.04025
0 0.30666666666666664 0.593125 0.050666666666666665 0.03425
0 0.30783333333333335 0.63175 0.051 0.0375
0 0.30716666666666664 0.67825 0.04433333333333333 0.035500000000000004
0 0.31466666666666665 0.558 0.04933333333333333 0.037
0 0.32216666666666666 0.753625 0.049666666666666665 0.03825
0 0.3465 0.652875 0.049666666666666665 0.03775
0 0.3445 0.694625 0.043 0.03325
0 0.35716666666666663 0.820125 0.04766666666666666 0.03825
0 0.358 0.576375 0.04733333333333333 0.03625
0 0.35866666666666663 0.529 0.048666666666666664 0.0335
0 0.365 0.6168750000000001 0.04733333333333333 0.035750000000000004
0 0.37033333333333335 0.775625 0.056 0.04125
0 0.37316666666666665 0.73575 0.053 0.0405
0 0.39216666666666666 0.852 0.06833333333333333 0.0535
0 0.39449999999999996 0.9021250000000001 0.06033333333333333 0.043750000000000004
0 0.39616666666666667 0.697375 0.051 0.03625
0 0.39366666666666666 0.6587500000000001 0.04533333333333333 0.0345
0 0.4061666666666667 0.8043750000000001 0.055 0.04175
0 0.4051666666666667 0.535625 0.051 0.035750000000000004
0 0.4056666666666667 0.57625 0.048 0.035
0 0.41233333333333333 0.609625 0.051333333333333335 0.03675
0 0.4095 0.498125 0.045 0.03175
0 0.429 0.72975 0.048666666666666664 0.036000000000000004
0 0.4428333333333333 0.639625 0.041666666666666664 0.03225
0 0.4475 0.55175 0.04633333333333333 0.0345
0 0.45449999999999996 0.8435 0.058333333333333334 0.045
0 0.45299999999999996 0.7751250000000001 0.048 0.03975
0 0.4573333333333333 0.515875 0.049999999999999996 0.03625
0 0.45966666666666667 0.68225 0.05333333333333333 0.0385
0 0.4543333333333333 0.484125 0.042666666666666665 0.029750000000000002
0 0.45799999999999996 0.585375 0.04733333333333333 0.03675
0 0.47433333333333333 0.8895000000000001 0.05466666666666666 0.044
0 0.48616666666666664 0.7205 0.05366666666666667 0.0415
0 0.4845 0.806875 0.048999999999999995 0.03775
0 0.4895 0.54125 0.047 0.033
0 0.5043333333333333 0.640375 0.05333333333333333 0.04075
0 0.5048333333333334 0.57625 0.05233333333333333 0.039
0 0.5096666666666666 0.845 0.057999999999999996 0.048
0 0.5095 0.509125 0.047 0.03375
0 0.5128333333333334 0.757125 0.050333333333333334 0.03675
0 0.5178333333333334 0.681 0.05233333333333333 0.038
0 0.5278333333333333 0.477875 0.043666666666666666 0.03125
0 0.5371666666666667 0.608375 0.04833333333333333 0.035750000000000004
0 0.5396666666666666 0.803625 0.05266666666666667 0.04225
0 0.5403333333333333 0.5407500000000001 0.04733333333333333 0.035500000000000004
0 0.5538333333333333 0.721625 0.051 0.03925
0 0.5569999999999999 0.6431250000000001 0.048 0.03775
0 0.5631666666666666 0.577125 0.04766666666666666 0.03375
0 0.5683333333333334 0.848875 0.05466666666666666 0.04475
0 0.5726666666666667 0.765375 0.054 0.043250000000000004
0 0.574 0.67975 0.054 0.038
0 0.573 0.483375 0.048666666666666664 0.03375
0 0.5913333333333333 0.6095 0.048666666666666664 0.0385
0 0.5903333333333333 0.511875 0.046 0.03275
0 0.6086666666666667 0.64625 0.05266666666666667 0.0375
0 0.607 0.54575 0.048666666666666664 0.032
0 0.6184999999999999 0.73925 0.048999999999999995 0.036000000000000004
0 0.6283333333333333 0.6975 0.04933333333333333 0.04
0 0.6288333333333334 0.58375 0.04566666666666667 0.0375
0 0.6283333333333333 0.490875 0.042666666666666665 0.029750000000000002
0 0.6366666666666666 0.781 0.05933333333333333 0.0465
0 0.6383333333333333 0.823125 0.050666666666666665 0.03975
0 0.6406666666666666 0.527875 0.044 0.03275
0 0.658 0.5565 0.048666666666666664 0.0335
0 0.6575 0.61725 0.045 0.0325
0 0.6643333333333333 0.660375 0.050666666666666665 0.04425
0 0.6711666666666667 0.490875 0.04566666666666667 0.03125
0 0.6729999999999999 0.75175 0.04933333333333333 0.0385
0 0.6825 0.709125 0.048999999999999995 0.03475
0 0.6906666666666667 0.796625 0.05533333333333333 0.04475
0 0.6908333333333333 0.59 0.045 0.0325
0 0.7055 0.632625 0.05366666666666667 0.03725
0 0.7153333333333333 0.6723750000000001 0.05733333333333333 0.04675
0 0.7188333333333333 0.5255 0.043666666666666666 0.035
0 0.7236666666666667 0.563375 0.041999999999999996 0.03025
0 0.734 0.7166250000000001 0.048666666666666664 0.03625
0 0.744 0.758375 0.04733333333333333 0.03775
0 0.7516666666666666 0.584125 0.04933333333333333 0.03225
0 0.7798333333333333 0.64 0.059666666666666666 0.047
0 0.7776666666666666 0.68875 0.04733333333333333 0.034
