0 0.48912500000000003 0.6533333333333333 0.03775 0.046
0 0.492 0.8116666666666666 0.039 0.052
0 0.494375 0.5579999999999999 0.03475 0.050666666666666665
0 0.501375 0.6133333333333333 0.04275 0.05533333333333333
0 0.505125 0.5001666666666666 0.04125 0.056999999999999995
0 0.51225 0.6886666666666666 0.0345 0.046
0 0.515375 0.45066666666666666 0.03675 0.05466666666666666
0 0.524375 0.39949999999999997 0.03825 0.051666666666666666
0 0.534875 0.5866666666666667 0.04175 0.056666666666666664
0 0.5357500000000001 0.6518333333333333 0.033 0.050333333333333334
0 0.53925 0.7308333333333333 0.034 0.04566666666666667
0 0.5435 0.534 0.038 0.05466666666666666
0 0.545875 0.48166666666666663 0.03725 0.050666666666666665
0 0.556875 0.42516666666666664 0.03725 0.051
0 0.561 0.37166666666666665 0.037 0.048
0 0.5650000000000001 0.6231666666666666 0.035500000000000004 0.055
0 0.5705 0.6908333333333333 0.04 0.05633333333333333
0 0.5720000000000001 0.568 0.04 0.05533333333333333
0 0.57475 0.5085 0.0375 0.05233333333333333
0 0.5896250000000001 0.451 0.03875 0.052
0 0.595375 0.4028333333333333 0.03425 0.04633333333333333
0 0.5962500000000001 0.35283333333333333 0.0325 0.04566666666666667
0 0.59975 0.6043333333333333 0.037 0.052
0 0.601375 0.661 0.03625 0.049999999999999996
0 0.6032500000000001 0.719 0.039 0.05533333333333333
0 0.61025 0.5503333333333333 0.041 0.05733333333333333
0 0.609125 0.4938333333333333 0.03475 0.04566666666666667
0 0.626625 0.3303333333333333 0.03175 0.04133333333333333
0 0.632875 0.634 0.04025 0.054
0 0.633 0.7621666666666667 0.0395 0.05433333333333333
0 0.631 0.375 0.035 0.04733333333333333
0 0.631375 0.42716666666666664 0.03375 0.04633333333333333
0 0.636875 0.6955 0.035250000000000004 0.05433333333333333
0 0.644625 0.585 0.03825 0.05266666666666667
0 0.6455 0.48083333333333333 0.039 0.051666666666666666
0 0.645 0.533 0.0365 0.048
0 0.663875 0.3481666666666667 0.04075 0.05433333333333333
0 0.6665 0.733 0.0405 0.054
0 0.664625 0.4023333333333333 0.03625 0.049999999999999996
0 0.668125 0.7825 0.03625 0.048999999999999995
0 0.672 0.619 0.0405 0.056666666666666664
0 0.670125 0.6746666666666666 0.03625 0.05333333333333333
0 0.673125 0.29966666666666664 0.03375 0.04466666666666667
0 0.6795 0.5628333333333333 0.0385 0.05433333333333333
0 0.681 0.5028333333333334 0.037 0.05233333333333333
0 0.682125 0.447 0.03175 0.04466666666666667
0 0.699375 0.37133333333333335 0.03425 0.046
0 0.704875 0.6626666666666666 0.04025 0.054
0 0.708375 0.772 0.03925 0.048666666666666664
0 0.708375 0.6011666666666666 0.03875 0.05233333333333333
0 0.7075 0.2771666666666667 0.035 0.04633333333333333
0 0.707125 0.326 0.03325 0.041999999999999996
0 0.710375 0.7236666666666667 0.03975 0.056
0 0.713875 0.5391666666666667 0.03475 0.04633333333333333
0 0.715875 0.47883333333333333 0.03825 0.05433333333333333
0 0.7192500000000001 0.42083333333333334 0.0335 0.048999999999999995
0 0.7365 0.35633333333333334 0.035 0.04666666666666666
0 0.742375 0.5141666666666667 0.03875 0.05233333333333333
0 0.74 0.6825 0.0325 0.04566666666666667
0 0.74275 0.6351666666666667 0.037 0.04766666666666666
0 0.7435 0.5736666666666667 0.033 0.04466666666666667
0 0.745375 0.2801666666666667 0.03375 0.043666666666666666
0 0.7478750000000001 0.45349999999999996 0.035750000000000004 0.049666666666666665
0 0.748625 0.39999999999999997 0.03625 0.04533333333333333
0 0.752375 0.7746666666666666 0.04125 0.054
0 0.77475 0.7314999999999999 0.0385 0.05433333333333333
0 0.77675 0.6018333333333333 0.0375 0.05233333333333333
0 0.776 0.6543333333333333 0.035 0.048
0 0.777 0.5511666666666667 0.036000000000000004 0.047
0 0.776375 0.48533333333333334 0.03325 0.04933333333333333
0 0.7775 0.3128333333333333 0.035 0.04566666666666667
0 0.78025 0.365 0.035 0.04466666666666667
0 0.782625 0.42566666666666664 0.03325 0.043333333333333335
0 0.80825 0.46349999999999997 0.038 0.049666666666666665
0 0.806 0.5146666666666666 0.033 0.048666666666666664
0 0.80825 0.6829999999999999 0.035 0.048
0 0.80825 0.6288333333333334 0.034 0.04766666666666666
0 0.81225 0.5746666666666667 0.038 0.054
0 0.81375 0.40166666666666667 0.0385 0.049999999999999996
0 0.834875 0.3343333333333333 0.03325 0.04533333333333333
0 0.840375 0.5445 0.04025 0.05433333333333333
0 0.842 0.6575 0.038 0.05233333333333333
0 0.8442500000000001 0.43666666666666665 0.035500000000000004 0.04933333333333333
0 0.845125 0.6028333333333333 0.035250000000000004 0.04766666666666666
0 0.8435 0.48916666666666664 0.032 0.043666666666666666
0 0.8708750000000001 0.35666666666666663 0.04025 0.054
0 0.8755000000000001 0.4588333333333333 0.0345 0.04566666666666667
0 0.884125 0.5673333333333334 0.03725 0.048666666666666664
0 0.8911250000000001 0.5096666666666666 0.03475 0.04933333333333333
0 0.896625 0.3983333333333333 0.03325 0.041999999999999996
