0 0.106625 0.5016666666666667 0.03775 0.049999999999999996
0 0.11425 0.5523333333333333 0.035 0.048
0 0.12675 0.5991666666666666 0.043000000000000003 0.057666666666666665
0 0.130375 0.46649999999999997 0.03725 0.049666666666666665
0 0.144875 0.5148333333333334 0.035750000000000004 0.04633333333333333
0 0.1465 0.6736666666666666 0.035500000000000004 0.04533333333333333
0 0.151875 0.42183333333333334 0.035250000000000004 0.04833333333333333
0 0.15787500000000002 0.5585 0.04225 0.053
0 0.167875 0.608 0.04275 0.05533333333333333
0 0.17425000000000002 0.4751666666666666 0.046 0.051666666666666666
0 0.174125 0.719 0.04425 0.048666666666666664
0 0.181125 0.385 0.03875 0.054
0 0.195625 0.6705 0.03775 0.04766666666666666
0 0.196375 0.435 0.03725 0.04733333333333333
0 0.195125 0.519 0.03425 0.04666666666666666
0 0.201875 0.5683333333333334 0.04025 0.05466666666666666
0 0.202375 0.3433333333333333 0.03475 0.04733333333333333
0 0.203875 0.7803333333333333 0.035750000000000004 0.050666666666666665
0 0.21525 0.47983333333333333 0.0415 0.051
0 0.2175 0.6214999999999999 0.037 0.047
0 0.22025 0.7126666666666667 0.0415 0.05266666666666667
0 0.2215 0.39216666666666666 0.034 0.043
0 0.233125 0.5261666666666667 0.035250000000000004 0.043666666666666666
0 0.23775000000000002 0.43666666666666665 0.044 0.04733333333333333
0 0.23700000000000002 0.6631666666666667 0.035 0.04833333333333333
0 0.24175 0.5715 0.043500000000000004 0.05233333333333333
0 0.2435 0.35183333333333333 0.033 0.04566666666666667
0 0.25575000000000003 0.8356666666666667 0.0385 0.05466666666666666
0 0.256 0.4795 0.035500000000000004 0.04766666666666666
0 0.256 0.3948333333333333 0.0345 0.04566666666666667
0 0.259375 0.7538333333333334 0.03625 0.04566666666666667
0 0.261375 0.297 0.03925 0.049999999999999996
0 0.269625 0.6975 0.03675 0.048999999999999995
0 0.273375 0.5408333333333333 0.03625 0.047
0 0.27475 0.6486666666666666 0.035 0.044
0 0.2765 0.43816666666666665 0.0325 0.043
0 0.281 0.36566666666666664 0.034 0.04466666666666667
0 0.28425 0.5935 0.0405 0.050333333333333334
0 0.28200000000000003 0.7918333333333333 0.0345 0.045
0 0.293 0.5011666666666666 0.034 0.045
0 0.29762500000000003 0.7336666666666667 0.04025 0.05333333333333333
0 0.298 0.4048333333333333 0.0365 0.04833333333333333
0 0.303875 0.3185 0.03875 0.050333333333333334
0 0.308125 0.6766666666666666 0.035250000000000004 0.04733333333333333
0 0.309875 0.5531666666666667 0.03725 0.048999999999999995
0 0.31425000000000003 0.4613333333333333 0.037 0.04933333333333333
0 0.313 0.8151666666666666 0.034 0.045
0 0.314125 0.6298333333333334 0.03275 0.045
0 0.31775000000000003 0.36083333333333334 0.035 0.04633333333333333
0 0.32925 0.5096666666666666 0.0405 0.049999999999999996
0 0.33037500000000003 0.2886666666666667 0.03725 0.04733333333333333
0 0.333 0.7705 0.036000000000000004 0.049666666666666665
0 0.33237500000000003 0.41983333333333334 0.03325 0.04633333333333333
0 0.33287500000000003 0.7153333333333333 0.03275 0.046
0 0.34725 0.6538333333333333 0.038 0.051666666666666666
0 0.346625 0.33299999999999996 0.03275 0.04466666666666667
0 0.35150000000000003 0.4683333333333333 0.04 0.04933333333333333
0 0.35125 0.606 0.0325 0.042666666666666665
0 0.353375 0.5605 0.035250000000000004 0.04566666666666667
0 0.3545 0.8101666666666666 0.035 0.043666666666666666
0 0.356625 0.3785 0.03775 0.048999999999999995
0 0.36525 0.7454999999999999 0.031 0.041
0 0.368125 0.29866666666666664 0.03325 0.04466666666666667
0 0.3705 0.519 0.0365 0.04733333333333333
0 0.36875 0.4265 0.0325 0.041666666666666664
0 0.37975000000000003 0.6768333333333333 0.036000000000000004 0.049666666666666665
0 0.380125 0.3445 0.035250000000000004 0.04566666666666667
0 0.384125 0.583 0.03675 0.04933333333333333
0 0.390125 0.77 0.03675 0.049999999999999996
0 0.388625 0.4698333333333333 0.03375 0.043666666666666666
0 0.38975 0.63 0.032 0.04466666666666667
0 0.39775 0.7188333333333333 0.038 0.050333333333333334
0 0.3985 0.385 0.034 0.04533333333333333
0 0.402875 0.5355 0.03025 0.042333333333333334
0 0.408375 0.43116666666666664 0.035750000000000004 0.04566666666666667
0 0.413375 0.6646666666666666 0.035750000000000004 0.046
0 0.420125 0.48616666666666664 0.03425 0.049666666666666665
0 0.422 0.6173333333333333 0.035500000000000004 0.04733333333333333
0 0.42362500000000003 0.5705 0.03225 0.043666666666666666
0 0.42662500000000003 0.7454999999999999 0.035750000000000004 0.049666666666666665
0 0.43175 0.37966666666666665 0.03 0.041999999999999996
0 0.4385 0.696 0.03 0.04666666666666666
0 0.440375 0.5225 0.03125 0.041666666666666664
0 0.443875 0.4503333333333333 0.03175 0.04533333333333333
0 0.4455 0.6526666666666666 0.034 0.044
0 0.454125 0.5985 0.03475 0.04833333333333333
0 0.460625 0.40549999999999997 0.03075 0.041
0 0.462625 0.49366666666666664 0.02875 0.042666666666666665
0 0.46575 0.5543333333333333 0.034 0.04733333333333333
0 0.47750000000000004 0.6726666666666666 0.035500000000000004 0.046
0 0.476625 0.44816666666666666 0.03275 0.047
0 0.481 0.6273333333333333 0.0335 0.04533333333333333
0 0.4935 0.5205 0.033 0.043
0 0.506375 0.5943333333333333 0.03025 0.04133333333333333
