0 0.132625 0.49966666666666665 0.03725 0.048
0 0.14625 0.4543333333333333 0.035500000000000004 0.048
0 0.150375 0.5459999999999999 0.035750000000000004 0.048666666666666664
0 0.16 0.40149999999999997 0.0375 0.049666666666666665
0 0.1705 0.49566666666666664 0.0375 0.04933333333333333
0 0.177125 0.5845 0.043250000000000004 0.063
0 0.17825 0.3506666666666667 0.042 0.05733333333333333
0 0.18425 0.29983333333333334 0.0375 0.048999999999999995
0 0.195625 0.446 0.04125 0.05466666666666666
0 0.197625 0.5288333333333333 0.043250000000000004 0.05566666666666666
0 0.207125 0.39516666666666667 0.03925 0.048999999999999995
0 0.2085 0.6533333333333333 0.0395 0.04933333333333333
0 0.218375 0.5741666666666666 0.04175 0.058333333333333334
0 0.21925 0.3413333333333333 0.035 0.048
0 0.22725 0.4805 0.0385 0.050333333333333334
0 0.230625 0.22566666666666665 0.04275 0.05333333333333333
0 0.228125 0.2876666666666667 0.035750000000000004 0.049999999999999996
0 0.237375 0.43116666666666664 0.043250000000000004 0.055
0 0.247125 0.5283333333333333 0.04075 0.05266666666666667
0 0.248625 0.37966666666666665 0.04075 0.051333333333333335
0 0.248375 0.6955 0.03875 0.05233333333333333
0 0.25325000000000003 0.32466666666666666 0.0375 0.048666666666666664
0 0.26525 0.634 0.042 0.048
0 0.26675 0.4698333333333333 0.0365 0.051666666666666666
0 0.27 0.282 0.036000000000000004 0.04733333333333333
0 0.278 0.22 0.042 0.05533333333333333
0 0.277375 0.4135 0.03925 0.051666666666666666
0 0.2795 0.5736666666666667 0.0415 0.049999999999999996
0 0.289625 0.5126666666666666 0.04275 0.05733333333333333
0 0.28675 0.36183333333333334 0.036000000000000004 0.04633333333333333
0 0.293625 0.17183333333333334 0.04475 0.05366666666666667
0 0.29812500000000003 0.6773333333333333 0.04875 0.057999999999999996
0 0.297875 0.7444999999999999 0.03825 0.048999999999999995
0 0.3015 0.3135 0.041 0.053
0 0.30362500000000003 0.2538333333333333 0.03825 0.05633333333333333
0 0.3075 0.6116666666666667 0.0365 0.049999999999999996
0 0.312625 0.4666666666666667 0.03975 0.051333333333333335
0 0.32675 0.4175 0.038 0.048999999999999995
0 0.3285 0.21 0.035 0.046
0 0.33475 0.36583333333333334 0.0425 0.055
0 0.33487500000000003 0.16033333333333333 0.03775 0.048666666666666664
0 0.339 0.5146666666666666 0.0455 0.06066666666666667
0 0.338625 0.31216666666666665 0.03775 0.048999999999999995
0 0.34425 0.5818333333333333 0.043000000000000003 0.05366666666666667
0 0.35225 0.2543333333333333 0.041 0.054
0 0.3535 0.46316666666666667 0.043000000000000003 0.056999999999999995
0 0.352375 0.6351666666666667 0.04075 0.051666666666666666
0 0.355625 0.6981666666666666 0.03725 0.050333333333333334
0 0.36612500000000003 0.2063333333333333 0.04475 0.05733333333333333
0 0.36612500000000003 0.4065 0.043250000000000004 0.058333333333333334
0 0.376875 0.353 0.04225 0.05533333333333333
0 0.3765 0.7871666666666667 0.0385 0.05433333333333333
0 0.377875 0.5403333333333333 0.03875 0.05266666666666667
0 0.37675000000000003 0.30066666666666664 0.035 0.05266666666666667
0 0.384875 0.5986666666666667 0.03875 0.05266666666666667
0 0.393625 0.6543333333333333 0.04275 0.056666666666666664
0 0.39637500000000003 0.7314999999999999 0.03875 0.047
0 0.39887500000000004 0.2368333333333333 0.03775 0.051666666666666666
0 0.4045 0.45316666666666666 0.0415 0.051666666666666666
0 0.41100000000000003 0.39916666666666667 0.0425 0.05366666666666667
0 0.413375 0.3333333333333333 0.03725 0.052
0 0.41500000000000004 0.5021666666666667 0.038 0.050333333333333334
0 0.419625 0.5595 0.04575 0.059666666666666666
0 0.42475 0.2791666666666667 0.0415 0.05366666666666667
0 0.427375 0.6278333333333334 0.03825 0.048999999999999995
0 0.43175 0.7543333333333333 0.037 0.046
0 0.4365 0.22483333333333333 0.0365 0.04633333333333333
0 0.442375 0.6871666666666666 0.04025 0.05566666666666666
0 0.444625 0.4628333333333333 0.043250000000000004 0.055
0 0.452875 0.3463333333333333 0.043750000000000004 0.058666666666666666
0 0.45337500000000003 0.4106666666666667 0.03625 0.048666666666666664
0 0.4685 0.5636666666666666 0.0445 0.056666666666666664
0 0.466125 0.5105 0.035250000000000004 0.048999999999999995
0 0.470125 0.29116666666666663 0.03675 0.051
0 0.470375 0.7304999999999999 0.035750000000000004 0.048999999999999995
0 0.471625 0.6528333333333333 0.03725 0.051
0 0.47950000000000004 0.23433333333333334 0.036000000000000004 0.049999999999999996
0 0.48875 0.4348333333333333 0.0375 0.049666666666666665
0 0.49075 0.37716666666666665 0.0365 0.04833333333333333
0 0.5025000000000001 0.49133333333333334 0.042 0.058666666666666666
0 0.50375 0.61 0.0415 0.057999999999999996
0 0.5025000000000001 0.3268333333333333 0.0385 0.051
0 0.5045000000000001 0.6736666666666666 0.041 0.05533333333333333
0 0.512625 0.2713333333333333 0.04275 0.057999999999999996
0 0.515375 0.5423333333333333 0.04425 0.049999999999999996
0 0.5295 0.4013333333333333 0.043000000000000003 0.058666666666666666
0 0.530125 0.4548333333333333 0.04125 0.05566666666666666
0 0.5427500000000001 0.6323333333333333 0.042 0.056666666666666664
0 0.5475 0.5068333333333334 0.043000000000000003 0.05633333333333333
0 0.545875 0.3466666666666667 0.035250000000000004 0.048
0 0.56 0.5595 0.035 0.051
0 0.57825 0.45699999999999996 0.0395 0.05333333333333333
0 0.58575 0.4046666666666667 0.037 0.04733333333333333
0 0.59275 0.5073333333333333 0.0385 0.05466666666666666
