0 0.21575 0.414 0.035 0.04666666666666666
0 0.227125 0.45749999999999996 0.03175 0.043666666666666666
0 0.228375 0.35316666666666663 0.03025 0.043
0 0.237125 0.5545 0.03375 0.04566666666666667
0 0.241125 0.5116666666666666 0.03375 0.049999999999999996
0 0.245875 0.6001666666666666 0.03475 0.045
0 0.24675 0.3938333333333333 0.033 0.04566666666666667
0 0.25875 0.4741666666666666 0.033 0.043
0 0.259625 0.3428333333333333 0.03275 0.043
0 0.268 0.6325 0.031 0.04433333333333333
0 0.270125 0.43316666666666664 0.03375 0.03966666666666666
0 0.26587500000000003 0.5555 0.02475 0.043
0 0.273 0.5163333333333333 0.0315 0.043333333333333335
0 0.28 0.39316666666666666 0.0345 0.050333333333333334
0 0.281375 0.5925 0.03425 0.045
0 0.281 0.2871666666666667 0.031 0.04766666666666666
0 0.290375 0.4723333333333333 0.03075 0.04733333333333333
0 0.29125 0.6675 0.031 0.042333333333333334
0 0.294 0.5563333333333333 0.035 0.042666666666666665
0 0.29575 0.33766666666666667 0.034 0.048666666666666664
0 0.301 0.6298333333333334 0.031 0.043666666666666666
0 0.306 0.427 0.033 0.04666666666666666
0 0.3085 0.5143333333333333 0.0335 0.04666666666666666
0 0.311875 0.381 0.03375 0.04533333333333333
0 0.315375 0.593 0.03175 0.04466666666666667
0 0.319375 0.30333333333333334 0.03625 0.04933333333333333
0 0.319875 0.6626666666666666 0.02825 0.04133333333333333
0 0.326125 0.4736666666666666 0.03175 0.042666666666666665
0 0.32887500000000003 0.5533333333333333 0.03325 0.04666666666666666
0 0.333625 0.2555 0.03725 0.05233333333333333
0 0.3345 0.6278333333333334 0.0305 0.041666666666666664
0 0.33875 0.42266666666666663 0.0325 0.04466666666666667
0 0.341125 0.3443333333333333 0.035250000000000004 0.048
0 0.34475 0.5146666666666666 0.0315 0.044
0 0.341375 0.5898333333333333 0.02425 0.042333333333333334
0 0.34875 0.6685 0.0335 0.042333333333333334
0 0.359 0.38716666666666666 0.035 0.047
0 0.35875 0.30383333333333334 0.034 0.047
0 0.36025 0.4666666666666667 0.031 0.043333333333333335
0 0.36725 0.5883333333333333 0.034 0.041999999999999996
0 0.368 0.5486666666666666 0.0325 0.042666666666666665
0 0.36712500000000003 0.633 0.03025 0.04133333333333333
0 0.379375 0.2643333333333333 0.04225 0.050666666666666665
0 0.3785 0.42916666666666664 0.035 0.04833333333333333
0 0.377875 0.5038333333333334 0.03275 0.04633333333333333
0 0.380625 0.33999999999999997 0.03175 0.041999999999999996
0 0.38525 0.6679999999999999 0.0315 0.04133333333333333
0 0.39587500000000003 0.3868333333333333 0.03475 0.04833333333333333
0 0.39737500000000003 0.6178333333333333 0.035250000000000004 0.045
0 0.39875 0.4686666666666667 0.035500000000000004 0.03933333333333333
0 0.3985 0.5746666666666667 0.0335 0.04466666666666667
0 0.406 0.5288333333333333 0.034 0.04766666666666666
0 0.406375 0.3035 0.03275 0.04633333333333333
0 0.412625 0.428 0.035750000000000004 0.04666666666666666
0 0.41375 0.6928333333333333 0.0315 0.04766666666666666
0 0.415375 0.34883333333333333 0.03375 0.042333333333333334
0 0.42362500000000003 0.2598333333333333 0.03975 0.05433333333333333
0 0.421125 0.6486666666666666 0.03175 0.04533333333333333
0 0.4325 0.6038333333333333 0.0335 0.04566666666666667
0 0.432125 0.5605 0.03075 0.041666666666666664
0 0.4365 0.5091666666666667 0.035 0.047
0 0.441125 0.31366666666666665 0.03775 0.049999999999999996
0 0.440375 0.45816666666666667 0.03475 0.04433333333333333
0 0.446625 0.4131666666666666 0.035750000000000004 0.048999999999999995
0 0.453625 0.36166666666666664 0.03625 0.048
0 0.452375 0.6866666666666666 0.03025 0.042666666666666665
0 0.45437500000000003 0.6356666666666666 0.03225 0.050666666666666665
0 0.465375 0.2723333333333333 0.04075 0.05266666666666667
0 0.4645 0.5845 0.0365 0.04766666666666666
0 0.465375 0.5371666666666667 0.03625 0.049666666666666665
0 0.469625 0.48983333333333334 0.03475 0.045
0 0.475625 0.4473333333333333 0.03275 0.043333333333333335
0 0.480125 0.6675 0.035750000000000004 0.047
0 0.481375 0.39166666666666666 0.03175 0.042666666666666665
0 0.484125 0.6256666666666666 0.03075 0.04666666666666666
0 0.49075 0.3466666666666667 0.0365 0.049999999999999996
0 0.49975 0.29966666666666664 0.039 0.05266666666666667
0 0.498625 0.5731666666666666 0.03275 0.045
0 0.50175 0.52 0.0365 0.048666666666666664
0 0.504125 0.47533333333333333 0.03475 0.048
0 0.50725 0.42816666666666664 0.035 0.048999999999999995
0 0.514625 0.3818333333333333 0.03375 0.04633333333333333
0 0.51575 0.6626666666666666 0.035 0.04733333333333333
0 0.519 0.6158333333333333 0.0375 0.051
0 0.529375 0.5459999999999999 0.03675 0.052
0 0.53025 0.3353333333333333 0.038 0.050666666666666665
0 0.535375 0.4923333333333333 0.03225 0.04466666666666667
0 0.540375 0.44816666666666666 0.03925 0.05233333333333333
0 0.552875 0.5928333333333333 0.03425 0.047
0 0.5545 0.39866666666666667 0.034 0.04533333333333333
0 0.567375 0.5521666666666667 0.03875 0.049666666666666665
0 0.57125 0.3535 0.0345 0.04766666666666666
0 0.575875 0.4965 0.03875 0.051666666666666666
0 0.59075 0.446 0.039 0.05266666666666667
