0 0.215125 0.39749999999999996 0.03675 0.04766666666666666
0 0.22725 0.35383333333333333 0.0305 0.042333333333333334
0 0.235375 0.43616666666666665 0.03425 0.04633333333333333
0 0.241875 0.5183333333333333 0.029750000000000002 0.04466666666666667
0 0.24625 0.5599999999999999 0.0325 0.048666666666666664
0 0.24775 0.39299999999999996 0.035 0.04733333333333333
0 0.256375 0.4755 0.035250000000000004 0.04633333333333333
0 0.255875 0.6043333333333333 0.03225 0.04133333333333333
0 0.2665 0.344 0.034 0.04733333333333333
0 0.27137500000000003 0.43516666666666665 0.03675 0.043666666666666666
0 0.27087500000000003 0.5193333333333333 0.03275 0.044
0 0.27275 0.5626666666666666 0.027 0.04666666666666666
0 0.278125 0.6396666666666666 0.03075 0.04666666666666666
0 0.283125 0.39366666666666666 0.03725 0.04933333333333333
0 0.290375 0.2866666666666667 0.03475 0.048
0 0.29025 0.6011666666666666 0.0335 0.04433333333333333
0 0.296125 0.4723333333333333 0.03425 0.04533333333333333
0 0.298375 0.5569999999999999 0.03425 0.044
0 0.3035 0.33716666666666667 0.036000000000000004 0.048999999999999995
0 0.302875 0.6746666666666666 0.03075 0.04466666666666667
0 0.30675 0.6381666666666667 0.029500000000000002 0.04033333333333333
0 0.3135 0.5146666666666666 0.0375 0.048
0 0.31475000000000003 0.42883333333333334 0.0365 0.048999999999999995
0 0.318125 0.3818333333333333 0.03625 0.047
0 0.32 0.5923333333333333 0.033 0.04533333333333333
0 0.3295 0.30333333333333334 0.039 0.052
0 0.3355 0.5511666666666667 0.0385 0.04833333333333333
0 0.334625 0.472 0.03425 0.04466666666666667
0 0.335625 0.6699999999999999 0.03025 0.04066666666666666
0 0.33925 0.632 0.0315 0.041999999999999996
0 0.349375 0.2585 0.04025 0.055
0 0.346875 0.42883333333333334 0.03325 0.04566666666666667
0 0.35125 0.3465 0.0375 0.048999999999999995
0 0.34600000000000003 0.5925 0.0225 0.041666666666666664
0 0.352875 0.5148333333333334 0.03275 0.04433333333333333
0 0.3605 0.6918333333333333 0.031 0.043
0 0.3685 0.391 0.0375 0.048666666666666664
0 0.373625 0.30683333333333335 0.04225 0.051
0 0.3695 0.6026666666666667 0.032 0.044
0 0.3695 0.6508333333333333 0.032 0.043
0 0.37175 0.5543333333333333 0.031 0.044
0 0.372 0.4755 0.0315 0.041
0 0.38825 0.5153333333333333 0.035500000000000004 0.050666666666666665
0 0.389125 0.43316666666666664 0.03425 0.047
0 0.39475 0.266 0.037 0.04933333333333333
0 0.394125 0.3486666666666667 0.03325 0.044
0 0.39637500000000003 0.6318333333333334 0.03375 0.04633333333333333
0 0.395125 0.6751666666666667 0.03025 0.042333333333333334
0 0.398625 0.5835 0.035750000000000004 0.049666666666666665
0 0.408375 0.39549999999999996 0.03675 0.048999999999999995
0 0.407625 0.4751666666666666 0.03375 0.04433333333333333
0 0.415375 0.7141666666666666 0.03625 0.04566666666666667
0 0.417375 0.31116666666666665 0.035750000000000004 0.04766666666666666
0 0.420375 0.5381666666666667 0.035750000000000004 0.04633333333333333
0 0.422 0.6651666666666667 0.031 0.04433333333333333
0 0.428375 0.35616666666666663 0.03425 0.04433333333333333
0 0.434875 0.2645 0.04275 0.055
0 0.4325 0.6183333333333333 0.0345 0.046
0 0.438125 0.4978333333333333 0.035750000000000004 0.050333333333333334
0 0.44075000000000003 0.5773333333333334 0.0315 0.044
0 0.444625 0.4038333333333333 0.03675 0.047
0 0.4525 0.3185 0.0345 0.051
0 0.452 0.7001666666666666 0.032 0.043666666666666666
0 0.454 0.4513333333333333 0.033 0.044
0 0.455625 0.6568333333333333 0.03475 0.04833333333333333
0 0.46137500000000004 0.5356666666666666 0.03725 0.048666666666666664
0 0.46425 0.6148333333333333 0.036000000000000004 0.04833333333333333
0 0.4665 0.364 0.038 0.04933333333333333
0 0.47750000000000004 0.27266666666666667 0.04 0.05333333333333333
0 0.47825 0.4928333333333333 0.0365 0.051
0 0.483 0.4131666666666666 0.037 0.049666666666666665
0 0.48375 0.5768333333333333 0.036000000000000004 0.04833333333333333
0 0.48575 0.6829999999999999 0.036000000000000004 0.049999999999999996
0 0.490875 0.32416666666666666 0.03675 0.051
0 0.493875 0.6391666666666667 0.03325 0.045
0 0.50175 0.534 0.0385 0.048666666666666664
0 0.502875 0.3705 0.03475 0.04566666666666667
0 0.50175 0.45649999999999996 0.0325 0.04433333333333333
0 0.5165 0.2871666666666667 0.0405 0.053
0 0.51925 0.5756666666666667 0.0335 0.046
0 0.521625 0.495 0.03775 0.048
0 0.5201250000000001 0.41466666666666663 0.03375 0.04666666666666666
0 0.529 0.618 0.0345 0.048
0 0.5325 0.33616666666666667 0.0385 0.051
0 0.538 0.5361666666666667 0.034 0.04633333333333333
0 0.5455 0.451 0.038 0.050666666666666665
0 0.55525 0.5886666666666667 0.041 0.056
0 0.56225 0.49216666666666664 0.038 0.05233333333333333
0 0.5665 0.4075 0.033 0.04633333333333333
0 0.56775 0.36066666666666664 0.0345 0.04466666666666667
0 0.59225 0.445 0.04 0.050666666666666665
0 0.594 0.5403333333333333 0.037 0.048666666666666664
