0 0.153125 0.47716666666666663 0.03025 0.045
0 0.15662500000000001 0.4365 0.03325 0.042333333333333334
0 0.165375 0.5158333333333334 0.03225 0.042333333333333334
0 0.166 0.39349999999999996 0.032 0.041666666666666664
0 0.185125 0.5521666666666667 0.03725 0.049666666666666665
0 0.185875 0.47583333333333333 0.03175 0.043666666666666666
0 0.18862500000000001 0.3456666666666667 0.035750000000000004 0.04733333333333333
0 0.194875 0.42783333333333334 0.03475 0.04766666666666666
0 0.194 0.30266666666666664 0.031 0.044
0 0.20675000000000002 0.51 0.0375 0.04733333333333333
0 0.207375 0.38666666666666666 0.03325 0.04466666666666667
0 0.22175 0.5508333333333333 0.036000000000000004 0.050333333333333334
0 0.22162500000000002 0.3421666666666667 0.03075 0.04033333333333333
0 0.23 0.42166666666666663 0.037 0.04666666666666666
0 0.231 0.46599999999999997 0.032 0.044
0 0.23125 0.29816666666666664 0.031 0.04033333333333333
0 0.234875 0.246 0.03725 0.04733333333333333
0 0.2425 0.3793333333333333 0.035500000000000004 0.04666666666666666
0 0.245375 0.5075 0.03425 0.04433333333333333
0 0.24975 0.5918333333333333 0.0325 0.043
0 0.251375 0.33299999999999996 0.03325 0.044
0 0.26575 0.45866666666666667 0.029500000000000002 0.04066666666666666
0 0.268 0.4063333333333333 0.033 0.041999999999999996
0 0.26825 0.2965 0.0315 0.041
0 0.27037500000000003 0.5459999999999999 0.029750000000000002 0.043333333333333335
0 0.2775 0.24516666666666667 0.0345 0.04633333333333333
0 0.280625 0.5006666666666667 0.03425 0.04733333333333333
0 0.284125 0.36883333333333335 0.03025 0.043666666666666666
0 0.2915 0.3263333333333333 0.0345 0.046
0 0.296875 0.2068333333333333 0.035250000000000004 0.041666666666666664
0 0.29775 0.2793333333333333 0.033 0.042666666666666665
0 0.29875 0.6163333333333333 0.033 0.04533333333333333
0 0.30062500000000003 0.4505 0.035250000000000004 0.04633333333333333
0 0.3015 0.5751666666666666 0.0305 0.041666666666666664
0 0.317375 0.41 0.03125 0.04066666666666666
0 0.320625 0.494 0.035750000000000004 0.04733333333333333
0 0.31925000000000003 0.2395 0.0325 0.042333333333333334
0 0.32475 0.36783333333333335 0.035500000000000004 0.04566666666666667
0 0.324 0.3218333333333333 0.0315 0.041666666666666664
0 0.33125 0.6371666666666667 0.033 0.043
0 0.33337500000000003 0.5438333333333333 0.03375 0.047
0 0.33287500000000003 0.19866666666666666 0.03225 0.044
0 0.334 0.5898333333333333 0.034 0.043666666666666666
0 0.33487500000000003 0.4518333333333333 0.03375 0.04633333333333333
0 0.339625 0.2786666666666667 0.03475 0.04666666666666666
0 0.352125 0.4071666666666667 0.03375 0.04633333333333333
0 0.353875 0.23583333333333334 0.03325 0.04766666666666666
0 0.358875 0.3635 0.035250000000000004 0.04566666666666667
0 0.35775 0.31916666666666665 0.031 0.043666666666666666
0 0.362875 0.5658333333333333 0.03475 0.043
0 0.362 0.49033333333333334 0.031 0.04133333333333333
0 0.37375 0.6153333333333333 0.0375 0.052
0 0.376875 0.4498333333333333 0.03325 0.04433333333333333
0 0.378375 0.2663333333333333 0.03075 0.042666666666666665
0 0.379625 0.6793333333333333 0.02875 0.03866666666666667
0 0.38225000000000003 0.5251666666666667 0.0325 0.042333333333333334
0 0.387625 0.4013333333333333 0.03725 0.04533333333333333
0 0.39175 0.3426666666666667 0.032 0.04466666666666667
0 0.398625 0.5678333333333333 0.03475 0.04433333333333333
0 0.400875 0.29766666666666663 0.035250000000000004 0.04533333333333333
0 0.40125 0.6643333333333333 0.0315 0.041999999999999996
0 0.4025 0.47833333333333333 0.0315 0.041999999999999996
0 0.409875 0.25083333333333335 0.03375 0.045
0 0.413875 0.4343333333333333 0.035750000000000004 0.048
0 0.42 0.5141666666666667 0.036000000000000004 0.04833333333333333
0 0.420125 0.609 0.03425 0.04466666666666667
0 0.42 0.3893333333333333 0.033 0.042666666666666665
0 0.424 0.33416666666666667 0.036000000000000004 0.049666666666666665
0 0.43375 0.5705 0.0335 0.047
0 0.437625 0.28583333333333333 0.03375 0.04566666666666667
0 0.4395 0.4603333333333333 0.032 0.041999999999999996
0 0.44775000000000004 0.4141666666666666 0.0325 0.043666666666666666
0 0.44775000000000004 0.2375 0.032 0.043
0 0.45175 0.36266666666666664 0.03 0.04066666666666666
0 0.454 0.5018333333333334 0.0335 0.04766666666666666
0 0.45637500000000003 0.6346666666666666 0.03425 0.04133333333333333
0 0.46225 0.32066666666666666 0.0325 0.044
0 0.4685 0.573 0.032 0.043333333333333335
0 0.470875 0.44916666666666666 0.03475 0.04633333333333333
0 0.47325 0.27299999999999996 0.035500000000000004 0.04733333333333333
0 0.48225 0.53 0.036000000000000004 0.048666666666666664
0 0.48525 0.35966666666666663 0.037 0.04933333333333333
0 0.48612500000000003 0.4053333333333333 0.03475 0.046
0 0.49425 0.5955 0.033 0.047
0 0.49462500000000004 0.47933333333333333 0.03225 0.04466666666666667
0 0.5025000000000001 0.3125 0.0315 0.043666666666666666
0 0.509125 0.44 0.03425 0.04533333333333333
0 0.515375 0.5569999999999999 0.03725 0.04666666666666666
0 0.52475 0.36133333333333334 0.0345 0.044
0 0.5295 0.4935 0.031 0.048999999999999995
0 0.54475 0.39916666666666667 0.034 0.047
0 0.54775 0.4503333333333333 0.035500000000000004 0.048
