0 0.14675 0.5558333333333333 0.0315 0.04033333333333333
0 0.15025 0.5996666666666667 0.0315 0.042666666666666665
0 0.15737500000000001 0.5023333333333333 0.03475 0.046
0 0.1555 0.46116666666666667 0.029 0.03966666666666666
0 0.16025 0.634 0.0305 0.04066666666666666
0 0.17450000000000002 0.38766666666666666 0.033 0.04533333333333333
0 0.183875 0.5715 0.03375 0.04633333333333333
0 0.184125 0.5288333333333333 0.03075 0.041666666666666664
0 0.183375 0.6621666666666667 0.02875 0.042333333333333334
0 0.18425 0.43816666666666665 0.03 0.03966666666666666
0 0.18825 0.48183333333333334 0.029500000000000002 0.036333333333333336
0 0.194375 0.6163333333333333 0.03125 0.04466666666666667
0 0.2105 0.367 0.034 0.044
0 0.214625 0.5501666666666667 0.035750000000000004 0.045
0 0.21475 0.6871666666666666 0.035500000000000004 0.04833333333333333
0 0.2115 0.4588333333333333 0.029 0.041
0 0.216625 0.5053333333333333 0.03425 0.046
0 0.2165 0.41633333333333333 0.0305 0.04133333333333333
0 0.22037500000000002 0.32366666666666666 0.03275 0.043333333333333335
0 0.22225 0.6378333333333334 0.034 0.04566666666666667
0 0.23275 0.5881666666666666 0.031 0.041666666666666664
0 0.2405 0.38716666666666666 0.03 0.043
0 0.245375 0.43416666666666665 0.03225 0.04566666666666667
0 0.24425 0.47766666666666663 0.029500000000000002 0.041999999999999996
0 0.24525 0.5221666666666667 0.031 0.041
0 0.24875 0.29883333333333334 0.032 0.043666666666666666
0 0.2515 0.6798333333333333 0.0365 0.048999999999999995
0 0.24925 0.3416666666666667 0.0285 0.04133333333333333
0 0.258125 0.6315 0.03275 0.047
0 0.264 0.5815 0.029500000000000002 0.041
0 0.27725 0.372 0.032 0.04533333333333333
0 0.276375 0.4195 0.02925 0.04033333333333333
0 0.278625 0.326 0.03125 0.044
0 0.282375 0.7068333333333333 0.03075 0.039
0 0.28450000000000003 0.4608333333333333 0.034 0.043666666666666666
0 0.284125 0.5413333333333333 0.03175 0.04133333333333333
0 0.288375 0.609 0.03175 0.04466666666666667
0 0.290625 0.5023333333333333 0.03175 0.03933333333333333
0 0.294125 0.6526666666666666 0.029750000000000002 0.04133333333333333
0 0.30475 0.39716666666666667 0.029 0.03966666666666666
0 0.307625 0.33999999999999997 0.03175 0.044
0 0.315 0.5303333333333333 0.0335 0.046
0 0.3165 0.4383333333333333 0.0365 0.04533333333333333
0 0.317875 0.48283333333333334 0.03425 0.04433333333333333
0 0.318875 0.5751666666666666 0.03425 0.04566666666666667
0 0.3325 0.6611666666666667 0.0345 0.039
0 0.33437500000000003 0.31566666666666665 0.03175 0.043333333333333335
0 0.3365 0.36283333333333334 0.0335 0.043
0 0.336125 0.7023333333333334 0.03225 0.038
0 0.340625 0.4083333333333333 0.03025 0.04133333333333333
0 0.344875 0.6131666666666666 0.03225 0.04566666666666667
0 0.346625 0.5063333333333333 0.03075 0.04066666666666666
0 0.35025 0.4643333333333333 0.033 0.043333333333333335
0 0.351375 0.5501666666666667 0.03225 0.043666666666666666
0 0.366375 0.387 0.03225 0.04666666666666666
0 0.36625 0.289 0.029500000000000002 0.04066666666666666
0 0.367875 0.34099999999999997 0.03025 0.041999999999999996
0 0.372625 0.5855 0.03375 0.042333333333333334
0 0.371125 0.646 0.03075 0.041999999999999996
0 0.37275 0.7408333333333333 0.0305 0.04033333333333333
0 0.3785 0.6871666666666666 0.034 0.047
0 0.3785 0.4385 0.0305 0.03966666666666666
0 0.3815 0.48216666666666663 0.033 0.04566666666666667
0 0.3815 0.5251666666666667 0.03 0.041
0 0.396625 0.3135 0.03375 0.043666666666666666
0 0.398125 0.36266666666666664 0.03125 0.042666666666666665
0 0.40325 0.5653333333333334 0.035500000000000004 0.04666666666666666
0 0.402125 0.6226666666666666 0.03125 0.04133333333333333
0 0.40175 0.40449999999999997 0.03 0.03966666666666666
0 0.407625 0.45016666666666666 0.03225 0.04433333333333333
0 0.41025 0.6751666666666667 0.032 0.04566666666666667
0 0.41425 0.5075 0.029500000000000002 0.041
0 0.4185 0.707 0.0315 0.03733333333333333
0 0.432875 0.3898333333333333 0.03425 0.04566666666666667
0 0.43062500000000004 0.6038333333333333 0.029750000000000002 0.045
0 0.4325 0.3418333333333333 0.032 0.041666666666666664
0 0.433375 0.5418333333333333 0.03275 0.043666666666666666
0 0.434125 0.47633333333333333 0.03275 0.044
0 0.43375 0.6408333333333334 0.031 0.042333333333333334
0 0.4435 0.435 0.034 0.04666666666666666
0 0.4475 0.7033333333333333 0.0345 0.038
0 0.4665 0.5428333333333333 0.035 0.04766666666666666
0 0.465 0.5903333333333333 0.03 0.042666666666666665
0 0.466625 0.48666666666666664 0.03225 0.04533333333333333
0 0.4685 0.376 0.03 0.04066666666666666
0 0.471625 0.6466666666666666 0.02875 0.043333333333333335
0 0.47750000000000004 0.445 0.0335 0.04533333333333333
0 0.4935 0.596 0.0325 0.04533333333333333
0 0.496625 0.39499999999999996 0.03225 0.04466666666666667
0 0.50525 0.5548333333333333 0.0345 0.043666666666666666
0 0.50325 0.4943333333333333 0.0275 0.041999999999999996
0 0.5185 0.44316666666666665 0.033 0.043666666666666666
