0 0.389 0.5136666666666666 0.0245 0.03733333333333333
0 0.39075 0.5455 0.025500000000000002 0.037
0 0.39175 0.47916666666666663 0.0245 0.033666666666666664
0 0.406 0.43616666666666665 0.0285 0.039
0 0.406375 0.5751666666666666 0.025750000000000002 0.034333333333333334
0 0.41075 0.40049999999999997 0.026000000000000002 0.037
0 0.4185 0.5001666666666666 0.0285 0.04033333333333333
0 0.4185 0.5413333333333333 0.0265 0.033999999999999996
0 0.42475 0.46416666666666667 0.0285 0.034333333333333334
0 0.42525 0.6043333333333333 0.028 0.04066666666666666
0 0.434875 0.3496666666666667 0.03075 0.041999999999999996
0 0.432625 0.4275 0.02625 0.033
0 0.437625 0.5663333333333334 0.03375 0.04066666666666666
0 0.438375 0.3885 0.02925 0.037
0 0.444625 0.48966666666666664 0.03025 0.03866666666666667
0 0.4525 0.4543333333333333 0.027 0.04
0 0.45637500000000003 0.6091666666666666 0.03325 0.043
0 0.453625 0.5251666666666667 0.02775 0.036333333333333336
0 0.455625 0.41333333333333333 0.02475 0.036
0 0.46525 0.38066666666666665 0.025 0.035333333333333335
0 0.46775 0.5715 0.029500000000000002 0.03766666666666667
0 0.468125 0.33816666666666667 0.029750000000000002 0.03966666666666666
0 0.472375 0.4731666666666666 0.02675 0.03766666666666667
0 0.47900000000000004 0.5266666666666666 0.029500000000000002 0.036
0 0.481 0.6391666666666667 0.031 0.039
0 0.481375 0.30466666666666664 0.03075 0.04066666666666666
0 0.479875 0.438 0.02675 0.03733333333333333
0 0.48575 0.40166666666666667 0.027 0.03933333333333333
0 0.48762500000000003 0.362 0.02925 0.036
0 0.49275 0.5965 0.025 0.03766666666666667
0 0.49512500000000004 0.5569999999999999 0.02925 0.038
0 0.5025000000000001 0.5006666666666667 0.029 0.03933333333333333
0 0.50375 0.3255 0.026000000000000002 0.033666666666666664
0 0.5095000000000001 0.288 0.026000000000000002 0.03666666666666667
0 0.51425 0.43066666666666664 0.0315 0.03933333333333333
0 0.5115000000000001 0.46849999999999997 0.025 0.033
0 0.513375 0.39516666666666667 0.02775 0.037
0 0.5201250000000001 0.35483333333333333 0.029750000000000002 0.04033333333333333
0 0.52125 0.646 0.029 0.03933333333333333
0 0.5235 0.5366666666666666 0.03 0.04
0 0.52625 0.6126666666666667 0.028 0.036
0 0.528625 0.4975 0.02825 0.04033333333333333
0 0.529375 0.315 0.02775 0.04
0 0.5395 0.4583333333333333 0.0285 0.03933333333333333
0 0.54125 0.38316666666666666 0.0275 0.03766666666666667
0 0.5427500000000001 0.42083333333333334 0.029500000000000002 0.03966666666666666
0 0.5427500000000001 0.5731666666666666 0.029 0.03766666666666667
0 0.547 0.6861666666666666 0.03 0.042333333333333334
0 0.5525 0.3353333333333333 0.0275 0.03866666666666667
0 0.55525 0.5225 0.029 0.03766666666666667
0 0.555625 0.644 0.029750000000000002 0.04133333333333333
0 0.559125 0.609 0.02925 0.034666666666666665
0 0.559875 0.486 0.02775 0.04
0 0.568125 0.4465 0.02875 0.039
0 0.568875 0.5575 0.02775 0.039
0 0.5685 0.40016666666666667 0.0265 0.03766666666666667
0 0.5720000000000001 0.358 0.029 0.03866666666666667
0 0.57875 0.3188333333333333 0.028 0.03833333333333333
0 0.584875 0.509 0.02675 0.03733333333333333
0 0.590375 0.6445 0.03225 0.043
0 0.589875 0.596 0.02725 0.03666666666666667
0 0.590375 0.6746666666666666 0.02625 0.034666666666666665
0 0.593125 0.4706666666666667 0.03075 0.04066666666666666
0 0.594375 0.3865 0.02925 0.041
0 0.595875 0.4318333333333333 0.02675 0.03833333333333333
0 0.598625 0.5486666666666666 0.03175 0.043333333333333335
0 0.602875 0.3446666666666667 0.025750000000000002 0.03733333333333333
0 0.608375 0.29933333333333334 0.02775 0.04
0 0.61575 0.624 0.0265 0.03866666666666667
0 0.617375 0.6798333333333333 0.02925 0.03833333333333333
0 0.617375 0.5886666666666667 0.02775 0.034666666666666665
0 0.617375 0.4965 0.02725 0.034333333333333334
0 0.620375 0.44866666666666666 0.02775 0.03933333333333333
0 0.62125 0.4053333333333333 0.025500000000000002 0.036
0 0.626375 0.3705 0.02925 0.04033333333333333
0 0.628625 0.534 0.02875 0.043333333333333335
0 0.632625 0.329 0.03025 0.03933333333333333
0 0.64075 0.47583333333333333 0.029 0.041
0 0.647875 0.5835 0.02925 0.03966666666666666
0 0.648625 0.636 0.02925 0.036
0 0.6521250000000001 0.3993333333333333 0.03225 0.042666666666666665
0 0.654875 0.4413333333333333 0.03125 0.042666666666666665
0 0.6587500000000001 0.5429999999999999 0.0315 0.041999999999999996
0 0.6587500000000001 0.35583333333333333 0.028 0.037
0 0.66725 0.49 0.029500000000000002 0.04
0 0.6755 0.5955 0.0305 0.041666666666666664
0 0.682875 0.45749999999999996 0.029750000000000002 0.041
0 0.68575 0.39549999999999996 0.0275 0.03766666666666667
0 0.691625 0.5599999999999999 0.03325 0.041999999999999996
0 0.70325 0.5048333333333334 0.0235 0.041
0 0.7095 0.41816666666666663 0.033 0.043
0 0.7212500000000001 0.46316666666666667 0.0305 0.041666666666666664
