0 0.15912500000000002 0.5008333333333334 0.03425 0.042333333333333334
0 0.16575 0.5506666666666666 0.027 0.034666666666666665
0 0.16925 0.44466666666666665 0.033 0.043333333333333335
0 0.173375 0.40299999999999997 0.02875 0.036
0 0.1765 0.6283333333333333 0.0225 0.035333333333333335
0 0.182875 0.36966666666666664 0.02775 0.03666666666666667
0 0.18987500000000002 0.5855 0.02925 0.037
0 0.19575 0.47916666666666663 0.0285 0.03966666666666666
0 0.197625 0.5251666666666667 0.02675 0.033666666666666664
0 0.19725 0.3411666666666667 0.025500000000000002 0.033666666666666664
0 0.201125 0.4345 0.03225 0.042333333333333334
0 0.202625 0.39599999999999996 0.02675 0.033999999999999996
0 0.2095 0.6141666666666666 0.0275 0.041
0 0.215375 0.5631666666666666 0.02625 0.034999999999999996
0 0.212875 0.6663333333333333 0.02025 0.03
0 0.22087500000000002 0.32666666666666666 0.02775 0.034666666666666665
0 0.22375 0.36866666666666664 0.033 0.04066666666666666
0 0.222 0.6965 0.028 0.035666666666666666
0 0.225375 0.5023333333333333 0.02775 0.03933333333333333
0 0.226625 0.6481666666666667 0.029750000000000002 0.04033333333333333
0 0.23575000000000002 0.46499999999999997 0.028 0.033999999999999996
0 0.23700000000000002 0.5965 0.0235 0.034999999999999996
0 0.24175 0.42733333333333334 0.026000000000000002 0.036
0 0.2445 0.3908333333333333 0.03 0.03833333333333333
0 0.245625 0.5553333333333333 0.02475 0.033999999999999996
0 0.25225000000000003 0.3535 0.0275 0.037
0 0.2505 0.7136666666666667 0.0235 0.03333333333333333
0 0.255625 0.6548333333333333 0.02875 0.035666666666666666
0 0.256375 0.5116666666666666 0.02925 0.03866666666666667
0 0.2585 0.3135 0.0285 0.03833333333333333
0 0.2625 0.618 0.0285 0.035333333333333335
0 0.2645 0.4648333333333333 0.0305 0.039
0 0.268125 0.41966666666666663 0.02875 0.038
0 0.27025 0.5721666666666666 0.03 0.037
0 0.27187500000000003 0.3793333333333333 0.02775 0.03733333333333333
0 0.278375 0.5366666666666666 0.02675 0.03666666666666667
0 0.280125 0.3428333333333333 0.02725 0.034999999999999996
0 0.279375 0.646 0.02475 0.03266666666666666
0 0.281625 0.4923333333333333 0.02625 0.03733333333333333
0 0.28450000000000003 0.30383333333333334 0.027 0.036333333333333336
0 0.285625 0.6829999999999999 0.02775 0.035333333333333335
0 0.29025 0.46016666666666667 0.0245 0.034333333333333334
0 0.2925 0.6011666666666666 0.029 0.04033333333333333
0 0.293125 0.40449999999999997 0.02625 0.035666666666666666
0 0.29712500000000003 0.7121666666666666 0.02825 0.03766666666666667
0 0.30075 0.36333333333333334 0.025500000000000002 0.03666666666666667
0 0.304625 0.5226666666666666 0.02825 0.03733333333333333
0 0.304 0.5601666666666667 0.026000000000000002 0.034333333333333334
0 0.307 0.32866666666666666 0.025500000000000002 0.033999999999999996
0 0.30975 0.6658333333333333 0.0285 0.041666666666666664
0 0.310625 0.48166666666666663 0.02925 0.041999999999999996
0 0.316125 0.44416666666666665 0.029750000000000002 0.037
0 0.320875 0.622 0.02725 0.038
0 0.323 0.39366666666666666 0.0265 0.036
0 0.327875 0.7043333333333333 0.02825 0.034666666666666665
0 0.327875 0.5883333333333333 0.025750000000000002 0.035333333333333335
0 0.328 0.36216666666666664 0.025 0.034999999999999996
0 0.33137500000000003 0.5471666666666667 0.02925 0.041666666666666664
0 0.33237500000000003 0.5111666666666667 0.029750000000000002 0.036333333333333336
0 0.336875 0.30616666666666664 0.02825 0.03833333333333333
0 0.338375 0.4716666666666667 0.02725 0.03733333333333333
0 0.34025 0.42416666666666664 0.025 0.034999999999999996
0 0.34375 0.6396666666666666 0.029 0.035333333333333335
0 0.352875 0.6001666666666666 0.02925 0.03966666666666666
0 0.351125 0.3788333333333333 0.02475 0.034333333333333334
0 0.355 0.5325 0.0265 0.034333333333333334
0 0.35775 0.6768333333333333 0.026000000000000002 0.036333333333333336
0 0.35962500000000003 0.5641666666666666 0.02725 0.04033333333333333
0 0.35962500000000003 0.4508333333333333 0.02675 0.035666666666666666
0 0.359875 0.3448333333333333 0.02725 0.035666666666666666
0 0.36062500000000003 0.48833333333333334 0.02525 0.03333333333333333
0 0.370125 0.6361666666666667 0.02875 0.03833333333333333
0 0.37125 0.41183333333333333 0.0275 0.03833333333333333
0 0.37925000000000003 0.599 0.027 0.03666666666666667
0 0.380375 0.37516666666666665 0.02825 0.034333333333333334
0 0.381875 0.5075 0.02825 0.03833333333333333
0 0.38275000000000003 0.5423333333333333 0.0275 0.033999999999999996
0 0.387625 0.6726666666666666 0.03075 0.03866666666666667
0 0.388 0.3426666666666667 0.0275 0.036
0 0.39637500000000003 0.4378333333333333 0.02825 0.035666666666666666
0 0.39975 0.5726666666666667 0.029500000000000002 0.03933333333333333
0 0.4005 0.40349999999999997 0.0275 0.039
0 0.40525 0.6381666666666667 0.029 0.036333333333333336
0 0.40750000000000003 0.5308333333333333 0.025500000000000002 0.037
0 0.409125 0.36933333333333335 0.02425 0.03266666666666666
0 0.410625 0.4958333333333333 0.025750000000000002 0.031
0 0.417 0.6106666666666667 0.025 0.032
0 0.418125 0.46166666666666667 0.025750000000000002 0.032
0 0.429375 0.5616666666666666 0.025750000000000002 0.033999999999999996
0 0.437625 0.52 0.02825 0.036
0 0.44475000000000003 0.479 0.026000000000000002 0.030666666666666665
