0 0.196125 0.4135 0.043250000000000004 0.067
0 0.221 0.4761666666666666 0.046 0.058333333333333334
0 0.229375 0.5351666666666667 0.04725 0.06766666666666667
0 0.235375 0.36033333333333334 0.04725 0.06266666666666666
0 0.24275 0.42583333333333334 0.046 0.06166666666666666
0 0.25375000000000003 0.5996666666666667 0.045 0.064
0 0.265125 0.4915 0.04925 0.063
0 0.277125 0.5538333333333333 0.04675 0.06366666666666666
0 0.2785 0.6658333333333333 0.043500000000000004 0.058333333333333334
0 0.285875 0.34933333333333333 0.04225 0.06066666666666667
0 0.297875 0.7398333333333333 0.04725 0.06833333333333333
0 0.305 0.4195 0.047 0.06166666666666666
0 0.3115 0.49033333333333334 0.043500000000000004 0.05733333333333333
0 0.312 0.594 0.0405 0.05933333333333333
0 0.31675000000000003 0.30416666666666664 0.041 0.05366666666666667
0 0.32575 0.7908333333333333 0.0545 0.071
0 0.329 0.6943333333333334 0.0525 0.066
0 0.328625 0.5445 0.04825 0.06233333333333333
0 0.33175 0.36516666666666664 0.046 0.06566666666666666
0 0.34700000000000003 0.8423333333333333 0.044 0.06666666666666667
0 0.351625 0.433 0.04625 0.06333333333333332
0 0.3525 0.2683333333333333 0.0465 0.06666666666666667
0 0.35825 0.6136666666666667 0.0455 0.066
0 0.365375 0.3278333333333333 0.04575 0.056999999999999995
0 0.36512500000000003 0.5095 0.03975 0.051666666666666666
0 0.37775000000000003 0.6971666666666666 0.0465 0.06766666666666667
0 0.382625 0.7568333333333334 0.04425 0.06233333333333333
0 0.3855 0.8205 0.0485 0.06833333333333333
0 0.385375 0.5626666666666666 0.04725 0.06066666666666667
0 0.3835 0.381 0.041 0.05466666666666666
0 0.392125 0.45516666666666666 0.04675 0.061
0 0.401375 0.6461666666666667 0.04025 0.053
0 0.403375 0.24416666666666667 0.04025 0.05433333333333333
0 0.411875 0.3015 0.04075 0.05433333333333333
0 0.410625 0.5106666666666666 0.03725 0.046
0 0.4185 0.7143333333333333 0.0395 0.057999999999999996
0 0.4255 0.41133333333333333 0.052000000000000005 0.06333333333333332
0 0.4255 0.7861666666666667 0.047 0.06566666666666666
0 0.431875 0.5883333333333333 0.04775 0.06333333333333332
0 0.43575 0.8464999999999999 0.0485 0.063
0 0.44 0.35616666666666663 0.0495 0.06033333333333333
0 0.440375 0.4695 0.04925 0.063
0 0.447875 0.6575 0.05075 0.07166666666666667
0 0.44575000000000004 0.24516666666666667 0.0415 0.051666666666666666
0 0.45825 0.5361666666666667 0.052000000000000005 0.06566666666666666
0 0.459125 0.7413333333333333 0.04975 0.06799999999999999
0 0.462625 0.30683333333333335 0.04775 0.061
0 0.478625 0.6053333333333333 0.051750000000000004 0.06533333333333333
0 0.475875 0.40166666666666667 0.04175 0.056
0 0.483375 0.47966666666666663 0.04275 0.05333333333333333
0 0.48962500000000003 0.8506666666666667 0.05225 0.06799999999999999
0 0.48562500000000003 0.7871666666666667 0.04275 0.057666666666666665
0 0.49512500000000004 0.35283333333333333 0.04475 0.063
0 0.4975 0.22683333333333333 0.043500000000000004 0.051666666666666666
0 0.50325 0.6651666666666667 0.0505 0.06766666666666667
0 0.507125 0.5528333333333333 0.04925 0.063
0 0.509875 0.29716666666666663 0.04675 0.059
0 0.51 0.7323333333333333 0.043500000000000004 0.06799999999999999
0 0.515 0.433 0.043000000000000003 0.057999999999999996
0 0.52675 0.6148333333333333 0.043500000000000004 0.056999999999999995
0 0.5317500000000001 0.7856666666666666 0.047 0.06533333333333333
0 0.5317500000000001 0.494 0.043500000000000004 0.05466666666666666
0 0.5365 0.3773333333333333 0.0485 0.062
0 0.54825 0.2563333333333333 0.0465 0.057999999999999996
0 0.54825 0.6725 0.043500000000000004 0.065
0 0.552875 0.3223333333333333 0.051750000000000004 0.062
0 0.55475 0.5616666666666666 0.0485 0.062
0 0.559625 0.7396666666666667 0.04975 0.06999999999999999
0 0.559125 0.44216666666666665 0.04825 0.06166666666666666
0 0.577875 0.5028333333333334 0.043750000000000004 0.05566666666666666
0 0.582875 0.38766666666666666 0.04775 0.06066666666666667
0 0.583375 0.6146666666666667 0.04875 0.06266666666666666
0 0.595125 0.6761666666666667 0.04475 0.06633333333333333
0 0.6025 0.5585 0.051000000000000004 0.06899999999999999
0 0.601625 0.3233333333333333 0.04775 0.06466666666666666
0 0.606875 0.7443333333333333 0.05025 0.06933333333333333
0 0.606375 0.4368333333333333 0.043250000000000004 0.057666666666666665
0 0.624 0.4895 0.0415 0.05366666666666667
0 0.629375 0.38416666666666666 0.051750000000000004 0.06433333333333333
0 0.634125 0.6133333333333333 0.04675 0.06533333333333333
0 0.6431250000000001 0.6888333333333333 0.04825 0.06899999999999999
0 0.6475 0.5455 0.0485 0.071
0 0.6521250000000001 0.43716666666666665 0.04425 0.05633333333333333
0 0.67275 0.497 0.044 0.05933333333333333
0 0.68175 0.747 0.0505 0.06999999999999999
0 0.682875 0.6136666666666667 0.051250000000000004 0.07066666666666667
0 0.693125 0.6793333333333333 0.04975 0.07133333333333333
0 0.6955 0.5543333333333333 0.0475 0.066
0 0.39125 0.8875 0.0445 0.059
0 0.536 0.858 0.05 0.06333333333333332
0 0.571375 0.8148333333333333 0.03875 0.059
0 0.630375 0.8148333333333333 0.03875 0.059
