0 0.2723333333333333 0.68225 0.04533333333333333 0.038
0 0.2791666666666667 0.725875 0.05233333333333333 0.04175
0 0.3055 0.75875 0.053 0.039
0 0.30516666666666664 0.6521250000000001 0.051 0.03725
0 0.31916666666666665 0.698625 0.051666666666666666 0.03775
0 0.31716666666666665 0.614625 0.043 0.03375
0 0.3183333333333333 0.574375 0.044 0.03475
0 0.3398333333333333 0.5407500000000001 0.051 0.044
0 0.3408333333333333 0.733 0.04566666666666667 0.0345
0 0.35416666666666663 0.670875 0.05233333333333333 0.04125
0 0.36316666666666664 0.504125 0.047 0.03275
0 0.363 0.7973750000000001 0.04666666666666666 0.03925
0 0.37116666666666664 0.593875 0.051666666666666666 0.03775
0 0.37 0.63175 0.043333333333333335 0.035500000000000004
0 0.37766666666666665 0.5583750000000001 0.04533333333333333 0.03625
0 0.38416666666666666 0.713 0.04566666666666667 0.039
0 0.3923333333333333 0.75025 0.05466666666666666 0.039
0 0.4081666666666667 0.653625 0.04633333333333333 0.03475
0 0.4103333333333333 0.5275 0.048 0.035
0 0.41816666666666663 0.788125 0.05433333333333333 0.04025
0 0.4215 0.616125 0.051666666666666666 0.04025
0 0.421 0.47400000000000003 0.049999999999999996 0.035500000000000004
0 0.427 0.6853750000000001 0.05266666666666667 0.03775
0 0.42583333333333334 0.57625 0.04633333333333333 0.0345
0 0.445 0.749375 0.046 0.03875
0 0.44766666666666666 0.8225 0.04666666666666666 0.0365
0 0.45199999999999996 0.5473750000000001 0.051333333333333335 0.03725
0 0.4553333333333333 0.64425 0.050666666666666665 0.038
0 0.45849999999999996 0.7115 0.050333333333333334 0.035
0 0.46166666666666667 0.511375 0.050666666666666665 0.03625
0 0.4713333333333333 0.608375 0.051333333333333335 0.03725
0 0.4755 0.471625 0.04833333333333333 0.03625
0 0.47783333333333333 0.791875 0.043666666666666666 0.035250000000000004
0 0.4845 0.678625 0.047 0.03625
0 0.4925 0.572375 0.04833333333333333 0.03625
0 0.49516666666666664 0.747 0.04833333333333333 0.0375
0 0.5048333333333334 0.635625 0.045 0.03425
0 0.5065 0.8295 0.04766666666666666 0.0335
0 0.507 0.539125 0.04666666666666666 0.03275
0 0.5106666666666666 0.713125 0.048666666666666664 0.03925
0 0.5236666666666666 0.503625 0.04933333333333333 0.03875
0 0.5246666666666666 0.465375 0.048666666666666664 0.03775
0 0.5256666666666666 0.60175 0.046 0.0345
0 0.531 0.773625 0.048 0.03775
0 0.5335 0.672875 0.05233333333333333 0.03975
0 0.5475 0.570125 0.04433333333333333 0.03275
0 0.5553333333333333 0.740375 0.054 0.03725
0 0.5579999999999999 0.62975 0.05266666666666667 0.0395
0 0.5616666666666666 0.704875 0.04533333333333333 0.03775
0 0.5663333333333334 0.81075 0.048666666666666664 0.042
0 0.57 0.5255 0.049999999999999996 0.039
0 0.5758333333333333 0.48725 0.045 0.0345
0 0.586 0.6607500000000001 0.049999999999999996 0.037
0 0.5866666666666667 0.59275 0.04933333333333333 0.0385
0 0.5945 0.556 0.043666666666666666 0.0325
0 0.5981666666666666 0.857625 0.04766666666666666 0.035750000000000004
0 0.6038333333333333 0.728625 0.051666666666666666 0.04025
0 0.6126666666666667 0.626625 0.052 0.03825
0 0.6091666666666666 0.691875 0.04433333333333333 0.03425
0 0.6126666666666667 0.513125 0.048 0.03425
0 0.6174999999999999 0.794625 0.05366666666666667 0.04075
0 0.6216666666666667 0.46725 0.049999999999999996 0.039
0 0.6361666666666667 0.661 0.051 0.0395
0 0.6386666666666666 0.75675 0.05333333333333333 0.041
0 0.6383333333333333 0.5962500000000001 0.04666666666666666 0.037
0 0.643 0.5407500000000001 0.04933333333333333 0.037
0 0.658 0.716125 0.051333333333333335 0.03975
0 0.6631666666666667 0.50875 0.050333333333333334 0.0365
0 0.6643333333333333 0.625625 0.046 0.03425
0 0.6819999999999999 0.682125 0.04666666666666666 0.035250000000000004
0 0.6918333333333333 0.7565000000000001 0.05633333333333333 0.0415
0 0.6913333333333334 0.58875 0.050666666666666665 0.0395
0 0.7106666666666667 0.552875 0.05333333333333333 0.03725
0 0.7111666666666666 0.6505 0.04433333333333333 0.035500000000000004
0 0.7131666666666666 0.71725 0.04633333333333333 0.0365
0 0.73 0.61775 0.04666666666666666 0.034
0 0.7444999999999999 0.6825 0.04766666666666666 0.036000000000000004
0 0.7758333333333333 0.64825 0.04433333333333333 0.035500000000000004
