0 0.385 0.695375 0.04066666666666666 0.029750000000000002
0 0.388 0.65325 0.041999999999999996 0.03
0 0.407 0.62475 0.04133333333333333 0.032
0 0.41733333333333333 0.721625 0.03733333333333333 0.03125
0 0.4225 0.596625 0.039 0.029750000000000002
0 0.42616666666666664 0.682625 0.037 0.02925
0 0.4338333333333333 0.74975 0.041666666666666664 0.032
0 0.4373333333333333 0.647375 0.042666666666666665 0.03225
0 0.45366666666666666 0.70675 0.04 0.03
0 0.45566666666666666 0.61375 0.04133333333333333 0.0315
0 0.46166666666666667 0.67125 0.04133333333333333 0.0315
0 0.46399999999999997 0.58025 0.03933333333333333 0.029
0 0.4696666666666667 0.548125 0.03866666666666667 0.029750000000000002
0 0.4693333333333333 0.771625 0.035333333333333335 0.02725
0 0.4741666666666666 0.7302500000000001 0.04033333333333333 0.031
0 0.47966666666666663 0.64 0.035333333333333335 0.0275
0 0.4885 0.691125 0.039 0.02825
0 0.49366666666666664 0.600625 0.03866666666666667 0.03075
0 0.4945 0.79425 0.039 0.028
0 0.5043333333333333 0.66025 0.04066666666666666 0.0305
0 0.5023333333333333 0.573125 0.034666666666666665 0.02875
0 0.5058333333333334 0.74925 0.03766666666666667 0.0275
0 0.5105 0.825625 0.03966666666666666 0.02825
0 0.5136666666666666 0.71575 0.04133333333333333 0.033
0 0.522 0.547 0.03666666666666667 0.0285
0 0.5241666666666667 0.629875 0.039 0.02875
0 0.5273333333333333 0.6863750000000001 0.04 0.03175
0 0.531 0.60175 0.03866666666666667 0.0285
0 0.5351666666666667 0.77675 0.041666666666666664 0.0325
0 0.5386666666666666 0.57125 0.03933333333333333 0.03
0 0.5428333333333333 0.80825 0.042333333333333334 0.033
0 0.5428333333333333 0.65525 0.039 0.0275
0 0.5438333333333333 0.74075 0.04033333333333333 0.0285
0 0.5521666666666667 0.7095 0.04033333333333333 0.0315
0 0.5538333333333333 0.842 0.042333333333333334 0.033
0 0.5599999999999999 0.6208750000000001 0.03933333333333333 0.03075
0 0.5668333333333333 0.6793750000000001 0.035666666666666666 0.02825
0 0.5756666666666667 0.542 0.03666666666666667 0.027
0 0.5798333333333333 0.7435 0.03966666666666666 0.032
0 0.582 0.6501250000000001 0.04133333333333333 0.03075
0 0.5845 0.5982500000000001 0.036333333333333336 0.027
0 0.5861666666666666 0.81075 0.03833333333333333 0.029500000000000002
0 0.5876666666666667 0.7817500000000001 0.038 0.0305
0 0.5923333333333333 0.84275 0.042666666666666665 0.033
0 0.594 0.5665 0.043333333333333335 0.029
0 0.597 0.711875 0.03733333333333333 0.03175
0 0.6033333333333333 0.622375 0.04066666666666666 0.03175
0 0.61 0.6813750000000001 0.04 0.029750000000000002
0 0.6168333333333333 0.738375 0.036333333333333336 0.02925
0 0.6204999999999999 0.5942500000000001 0.03833333333333333 0.027
0 0.6211666666666666 0.65025 0.03966666666666666 0.03
0 0.6214999999999999 0.7907500000000001 0.03966666666666666 0.033
0 0.6376666666666666 0.56 0.03666666666666667 0.0285
0 0.6386666666666666 0.7095 0.03733333333333333 0.029
0 0.6403333333333333 0.624 0.04 0.031
0 0.646 0.759875 0.036 0.03025
0 0.6528333333333333 0.679875 0.039 0.029750000000000002
0 0.6538333333333333 0.8270000000000001 0.037 0.0285
0 0.6563333333333333 0.65175 0.038 0.0285
0 0.6616666666666666 0.731875 0.038 0.029750000000000002
0 0.6606666666666666 0.58175 0.033999999999999996 0.026000000000000002
0 0.6653333333333333 0.7915 0.041999999999999996 0.034
0 0.6788333333333333 0.700125 0.041666666666666664 0.03275
0 0.6778333333333333 0.6098750000000001 0.035666666666666666 0.02875
0 0.6818333333333333 0.550875 0.039 0.02775
0 0.6891666666666666 0.670125 0.03966666666666666 0.03125
0 0.6961666666666666 0.63575 0.03966666666666666 0.0315
0 0.6976666666666667 0.76225 0.038 0.0325
0 0.7028333333333333 0.58025 0.034999999999999996 0.0275
0 0.7033333333333333 0.725875 0.034666666666666665 0.02875
0 0.7091666666666666 0.791875 0.039 0.02825
0 0.7205 0.61025 0.034333333333333334 0.028
0 0.7266666666666667 0.6615 0.04 0.031
0 0.7403333333333333 0.7661250000000001 0.036 0.02875
0 0.746 0.635375 0.043333333333333335 0.03175
0 0.7474999999999999 0.726625 0.041666666666666664 0.03175
0 0.7511666666666666 0.6900000000000001 0.041666666666666664 0.0315
0 0.7979999999999999 0.727125 0.035333333333333335 0.02875
