0 0.17733333333333332 0.596625 0.07066666666666667 0.05575
0 0.213 0.539125 0.049999999999999996 0.03975
0 0.22599999999999998 0.675125 0.056666666666666664 0.04775
0 0.23983333333333332 0.5865 0.05233333333333333 0.042
0 0.2613333333333333 0.6228750000000001 0.058666666666666666 0.04075
0 0.26216666666666666 0.511875 0.059666666666666666 0.04225
0 0.27366666666666667 0.548625 0.05333333333333333 0.03825
0 0.27266666666666667 0.730125 0.04933333333333333 0.04225
0 0.2803333333333333 0.656375 0.048 0.03475
0 0.29483333333333334 0.59075 0.04766666666666666 0.036000000000000004
0 0.29816666666666664 0.48375 0.051666666666666666 0.037
0 0.31216666666666665 0.52125 0.051 0.0365
0 0.3163333333333333 0.6295000000000001 0.044 0.0325
0 0.32466666666666666 0.791625 0.056666666666666664 0.03925
0 0.3268333333333333 0.713 0.05433333333333333 0.043000000000000003
0 0.3258333333333333 0.559875 0.050333333333333334 0.03925
0 0.32866666666666666 0.663375 0.052 0.03875
0 0.3378333333333333 0.4595 0.051666666666666666 0.038
0 0.3463333333333333 0.600625 0.05333333333333333 0.03925
0 0.35233333333333333 0.497 0.050666666666666665 0.0365
0 0.36766666666666664 0.63725 0.049999999999999996 0.037
0 0.3655 0.5317500000000001 0.04566666666666667 0.034
0 0.3733333333333333 0.733 0.05266666666666667 0.041
0 0.37216666666666665 0.795 0.04833333333333333 0.036000000000000004
0 0.37466666666666665 0.673125 0.04933333333333333 0.03775
0 0.3748333333333333 0.568875 0.04566666666666667 0.035250000000000004
0 0.38816666666666666 0.4665 0.05633333333333333 0.042
0 0.3948333333333333 0.608375 0.043 0.03475
0 0.4038333333333333 0.5045000000000001 0.048999999999999995 0.037
0 0.4088333333333333 0.545125 0.04633333333333333 0.03475
0 0.4096666666666667 0.80825 0.044 0.035500000000000004
0 0.4131666666666666 0.6955 0.04566666666666667 0.0375
0 0.41833333333333333 0.656375 0.04666666666666666 0.03675
0 0.42866666666666664 0.582875 0.044 0.035750000000000004
0 0.43716666666666665 0.619375 0.051666666666666666 0.03925
0 0.4363333333333333 0.7435 0.043333333333333335 0.034
0 0.4385 0.477875 0.03966666666666666 0.03125
0 0.45 0.51625 0.048 0.0365
0 0.4618333333333333 0.556 0.045 0.0345
0 0.4648333333333333 0.661125 0.04633333333333333 0.03475
0 0.472 0.6970000000000001 0.05266666666666667 0.04
0 0.476 0.459125 0.048666666666666664 0.03375
0 0.47766666666666663 0.7661250000000001 0.049999999999999996 0.03625
0 0.47933333333333333 0.59475 0.049999999999999996 0.0385
0 0.48766666666666664 0.490375 0.043333333333333335 0.03325
0 0.5058333333333334 0.636875 0.04433333333333333 0.035750000000000004
0 0.5043333333333333 0.527875 0.03933333333333333 0.03675
0 0.5111666666666667 0.5650000000000001 0.050333333333333334 0.0385
0 0.5178333333333334 0.67625 0.042333333333333334 0.037
0 0.5273333333333333 0.602875 0.048 0.03475
0 0.5283333333333333 0.7408750000000001 0.04466666666666667 0.03325
0 0.5318333333333333 0.459125 0.04833333333333333 0.035750000000000004
0 0.532 0.5045000000000001 0.04533333333333333 0.0345
0 0.5516666666666666 0.647875 0.050666666666666665 0.04225
0 0.5506666666666666 0.5415 0.042666666666666665 0.031
0 0.5595 0.7145 0.047 0.0365
0 0.5616666666666666 0.57675 0.049999999999999996 0.0375
0 0.5611666666666667 0.834125 0.04633333333333333 0.03475
0 0.571 0.754375 0.048 0.03775
0 0.571 0.47875 0.04533333333333333 0.0325
0 0.5803333333333334 0.5115000000000001 0.046 0.0325
0 0.5803333333333334 0.609125 0.042666666666666665 0.03325
0 0.5971666666666666 0.54975 0.045 0.0335
0 0.5975 0.8075 0.04433333333333333 0.033
0 0.6058333333333333 0.700125 0.043 0.03375
0 0.6126666666666667 0.734125 0.051333333333333335 0.03925
0 0.6058333333333333 0.845875 0.03766666666666667 0.03425
0 0.6096666666666667 0.584125 0.042666666666666665 0.03475
0 0.6236666666666666 0.619625 0.046 0.03675
0 0.6241666666666666 0.5231250000000001 0.042333333333333334 0.03225
0 0.6288333333333334 0.665 0.043 0.0375
0 0.6386666666666666 0.819375 0.03733333333333333 0.02925
0 0.6428333333333333 0.852125 0.04033333333333333 0.03275
0 0.6486666666666666 0.5563750000000001 0.044 0.03175
0 0.6538333333333333 0.59275 0.049666666666666665 0.0365
0 0.6548333333333333 0.7126250000000001 0.04833333333333333 0.035250000000000004
0 0.6653333333333333 0.63025 0.04533333333333333 0.035500000000000004
0 0.6689999999999999 0.6755 0.038 0.032
0 0.6798333333333333 0.83875 0.04433333333333333 0.0325
