0 0.3125 0.67125 0.045 0.0365
0 0.32616666666666666 0.70325 0.043 0.0305
0 0.327 0.7438750000000001 0.043333333333333335 0.03725
0 0.33566666666666667 0.782875 0.04466666666666667 0.03475
0 0.34349999999999997 0.826375 0.042333333333333334 0.03975
0 0.3491666666666667 0.6431250000000001 0.042333333333333334 0.03225
0 0.35333333333333333 0.861375 0.04666666666666666 0.03625
0 0.35733333333333334 0.67675 0.04466666666666667 0.035
0 0.36933333333333335 0.753625 0.048 0.03875
0 0.36766666666666664 0.713 0.044 0.037
0 0.3803333333333333 0.79125 0.04666666666666666 0.0345
0 0.3883333333333333 0.6205 0.043333333333333335 0.0345
0 0.3883333333333333 0.8326250000000001 0.042666666666666665 0.03425
0 0.3905 0.652875 0.04566666666666667 0.03425
0 0.4043333333333333 0.6845 0.04733333333333333 0.036000000000000004
0 0.4075 0.876375 0.045 0.03275
0 0.4086666666666667 0.732125 0.043333333333333335 0.02925
0 0.4125 0.765 0.04766666666666666 0.0365
0 0.413 0.588125 0.041999999999999996 0.03475
0 0.42433333333333334 0.805125 0.042666666666666665 0.035750000000000004
0 0.42716666666666664 0.8442500000000001 0.045 0.0405
0 0.4325 0.627875 0.04633333333333333 0.035250000000000004
0 0.4363333333333333 0.662625 0.048666666666666664 0.03325
0 0.4495 0.890375 0.04033333333333333 0.03475
0 0.4543333333333333 0.737625 0.048666666666666664 0.03625
0 0.45999999999999996 0.772 0.04466666666666667 0.035500000000000004
0 0.4598333333333333 0.6970000000000001 0.041666666666666664 0.0345
0 0.46499999999999997 0.6005 0.04733333333333333 0.0335
0 0.469 0.814625 0.048 0.03725
0 0.48283333333333334 0.8512500000000001 0.041666666666666664 0.032
0 0.48866666666666664 0.667375 0.046 0.03625
0 0.4943333333333333 0.89975 0.052 0.039
0 0.48983333333333334 0.63225 0.041666666666666664 0.032
0 0.4988333333333333 0.711875 0.04833333333333333 0.03375
0 0.49766666666666665 0.575875 0.04533333333333333 0.03325
0 0.5026666666666666 0.74625 0.048 0.0375
0 0.5105 0.784125 0.050333333333333334 0.03875
0 0.5185 0.608375 0.041666666666666664 0.03075
0 0.52 0.820875 0.044 0.035250000000000004
0 0.5303333333333333 0.684125 0.048666666666666664 0.03675
0 0.5288333333333333 0.646625 0.04566666666666667 0.035250000000000004
0 0.533 0.8638750000000001 0.050666666666666665 0.04075
0 0.5459999999999999 0.760375 0.050666666666666665 0.03675
0 0.5471666666666667 0.904375 0.05233333333333333 0.03975
0 0.5428333333333333 0.723625 0.043666666666666666 0.035250000000000004
0 0.5565 0.5865 0.041 0.032
0 0.5621666666666667 0.62475 0.047 0.035
0 0.5648333333333333 0.8005 0.04633333333333333 0.036000000000000004
0 0.571 0.664875 0.043333333333333335 0.035250000000000004
0 0.5736666666666667 0.840375 0.042666666666666665 0.03275
0 0.5835 0.7020000000000001 0.047 0.0365
0 0.5901666666666666 0.74 0.042333333333333334 0.035
0 0.5943333333333333 0.8708750000000001 0.04933333333333333 0.03825
0 0.5966666666666667 0.5680000000000001 0.04133333333333333 0.029500000000000002
0 0.6008333333333333 0.77475 0.04766666666666666 0.037
0 0.5991666666666666 0.602875 0.03966666666666666 0.03075
0 0.6033333333333333 0.6415 0.04066666666666666 0.032
0 0.6101666666666666 0.816875 0.041666666666666664 0.03325
0 0.6204999999999999 0.677125 0.043666666666666666 0.03325
0 0.6266666666666666 0.717 0.043333333333333335 0.0325
0 0.6325 0.8505 0.04033333333333333 0.037
0 0.6361666666666667 0.7525000000000001 0.043666666666666666 0.0335
0 0.6408333333333334 0.581 0.04633333333333333 0.034
0 0.6428333333333333 0.616125 0.045 0.03425
0 0.647 0.788 0.05266666666666667 0.0385
0 0.6538333333333333 0.651 0.049666666666666665 0.037
0 0.6616666666666666 0.6865 0.048666666666666664 0.037
0 0.6705 0.827875 0.051 0.04175
0 0.6725 0.72 0.043 0.035500000000000004
0 0.6829999999999999 0.7615000000000001 0.042666666666666665 0.0345
0 0.6891666666666666 0.598625 0.048999999999999995 0.035750000000000004
0 0.7023333333333334 0.802125 0.052 0.04175
0 0.7001666666666666 0.664875 0.041 0.03275
0 0.7095 0.630625 0.049666666666666665 0.03425
0 0.7095 0.699375 0.043666666666666666 0.03475
0 0.7141666666666666 0.733 0.04433333333333333 0.035500000000000004
0 0.7351666666666666 0.76925 0.051666666666666666 0.0405
0 0.7636666666666666 0.709125 0.050666666666666665 0.03675
0 0.7773333333333333 0.6677500000000001 0.044 0.035
