0 0.3225 0.7755 0.042333333333333334 0.0345
0 0.3283333333333333 0.74125 0.04066666666666666 0.0335
0 0.3353333333333333 0.6723750000000001 0.038 0.03125
0 0.33766666666666667 0.709125 0.03866666666666667 0.03125
0 0.35433333333333333 0.795 0.03866666666666667 0.0285
0 0.35866666666666663 0.763 0.04133333333333333 0.0325
0 0.36233333333333334 0.730625 0.04133333333333333 0.03225
0 0.3753333333333333 0.6935 0.041999999999999996 0.0315
0 0.3815 0.629 0.04833333333333333 0.0305
0 0.37866666666666665 0.661375 0.04066666666666666 0.03225
0 0.381 0.8240000000000001 0.04133333333333333 0.033
0 0.3895 0.782875 0.043 0.035250000000000004
0 0.39599999999999996 0.747375 0.04066666666666666 0.03375
0 0.40299999999999997 0.717 0.035333333333333335 0.029
0 0.41533333333333333 0.849 0.043333333333333335 0.033
0 0.41633333333333333 0.67325 0.04133333333333333 0.032
0 0.4205 0.814625 0.042333333333333334 0.03625
0 0.42066666666666663 0.6451250000000001 0.04066666666666666 0.02925
0 0.43216666666666664 0.615 0.04033333333333333 0.03
0 0.4305 0.779 0.036333333333333336 0.028
0 0.4415 0.6990000000000001 0.041666666666666664 0.0325
0 0.44166666666666665 0.7315 0.03866666666666667 0.03
0 0.4463333333333333 0.5845 0.03733333333333333 0.0265
0 0.45416666666666666 0.834125 0.041 0.03075
0 0.4558333333333333 0.667 0.043666666666666666 0.0315
0 0.45466666666666666 0.87625 0.04 0.028
0 0.45816666666666667 0.802125 0.04633333333333333 0.03375
0 0.46166666666666667 0.63725 0.03933333333333333 0.033
0 0.4676666666666667 0.763 0.04933333333333333 0.0345
0 0.4728333333333333 0.607875 0.041 0.02875
0 0.47933333333333333 0.7255 0.04066666666666666 0.032
0 0.4845 0.86075 0.043 0.038
0 0.48433333333333334 0.69275 0.041999999999999996 0.0325
0 0.48633333333333334 0.5760000000000001 0.046 0.0335
0 0.485 0.89975 0.04133333333333333 0.034
0 0.49266666666666664 0.8255 0.04 0.029500000000000002
0 0.4978333333333333 0.663 0.04433333333333333 0.032
0 0.4953333333333333 0.7865 0.038 0.0325
0 0.5028333333333334 0.63525 0.039 0.029
0 0.5063333333333333 0.746625 0.041999999999999996 0.03375
0 0.5121666666666667 0.600125 0.041666666666666664 0.03225
0 0.5195 0.715375 0.037 0.02775
0 0.5266666666666666 0.813125 0.044 0.03625
0 0.5251666666666667 0.853625 0.04033333333333333 0.03125
0 0.5298333333333333 0.5685 0.041666666666666664 0.029
0 0.5308333333333333 0.684125 0.042333333333333334 0.03275
0 0.532 0.884875 0.04066666666666666 0.03275
0 0.5376666666666666 0.7705 0.044 0.035
0 0.5381666666666667 0.651 0.039 0.0305
0 0.5439999999999999 0.6185 0.042666666666666665 0.03
0 0.5471666666666667 0.73875 0.043 0.0335
0 0.5605 0.706375 0.03966666666666666 0.03025
0 0.5626666666666666 0.8310000000000001 0.03733333333333333 0.0305
0 0.569 0.583 0.04133333333333333 0.031
0 0.5685 0.796625 0.037 0.02875
0 0.5715 0.675875 0.03833333333333333 0.03025
0 0.5716666666666667 0.87625 0.038 0.0275
0 0.5736666666666667 0.640375 0.04133333333333333 0.03275
0 0.5856666666666667 0.7595000000000001 0.043333333333333335 0.0305
0 0.5855 0.611 0.037 0.029
0 0.594 0.7282500000000001 0.041999999999999996 0.035
0 0.6023333333333333 0.697875 0.04 0.02925
0 0.6033333333333333 0.66 0.04066666666666666 0.03
0 0.6063333333333333 0.8200000000000001 0.04666666666666666 0.0365
0 0.6084999999999999 0.8622500000000001 0.04566666666666667 0.0375
0 0.6121666666666666 0.629875 0.03833333333333333 0.02875
0 0.6204999999999999 0.7857500000000001 0.041666666666666664 0.0315
0 0.6258333333333334 0.752375 0.042333333333333334 0.03075
0 0.633 0.715375 0.043333333333333335 0.03375
0 0.6371666666666667 0.583375 0.037 0.02675
0 0.6391666666666667 0.65025 0.03766666666666667 0.0305
0 0.6381666666666667 0.683 0.035666666666666666 0.0285
0 0.6533333333333333 0.8442500000000001 0.04466666666666667 0.035500000000000004
0 0.6548333333333333 0.6145 0.04566666666666667 0.034
0 0.6575 0.7997500000000001 0.04566666666666667 0.037
0 0.6636666666666666 0.7661250000000001 0.03866666666666667 0.03175
0 0.6741666666666667 0.73375 0.04566666666666667 0.0365
0 0.6736666666666666 0.700125 0.043333333333333335 0.03225
0 0.6726666666666666 0.667375 0.03933333333333333 0.03025
