0 0.541125 0.5401666666666667 0.03125 0.042333333333333334
0 0.547 0.489 0.0315 0.04066666666666666
0 0.5543750000000001 0.43716666666666665 0.03125 0.041666666666666664
0 0.560625 0.39499999999999996 0.035750000000000004 0.04733333333333333
0 0.571625 0.33216666666666667 0.03025 0.043
0 0.579125 0.5621666666666667 0.03475 0.04833333333333333
0 0.583375 0.5178333333333334 0.03475 0.04833333333333333
0 0.583375 0.4708333333333333 0.03325 0.043666666666666666
0 0.58925 0.425 0.031 0.041999999999999996
0 0.595 0.378 0.0345 0.048
0 0.604 0.5943333333333333 0.0375 0.04733333333333333
0 0.607125 0.31866666666666665 0.03375 0.048
0 0.613375 0.5479999999999999 0.03325 0.041999999999999996
0 0.615375 0.4955 0.03075 0.041666666666666664
0 0.6208750000000001 0.45449999999999996 0.03325 0.043
0 0.624 0.4088333333333333 0.0345 0.04566666666666667
0 0.62625 0.3585 0.033 0.04566666666666667
0 0.632125 0.2881666666666667 0.035250000000000004 0.047
0 0.634125 0.6298333333333334 0.03675 0.048999999999999995
0 0.6411250000000001 0.5835 0.035250000000000004 0.04833333333333333
0 0.646625 0.5371666666666667 0.03425 0.04633333333333333
0 0.6481250000000001 0.48516666666666663 0.03675 0.049666666666666665
0 0.6525 0.43666666666666665 0.033 0.04133333333333333
0 0.654375 0.3343333333333333 0.03325 0.04533333333333333
0 0.6617500000000001 0.383 0.0365 0.04533333333333333
0 0.665 0.6626666666666666 0.035500000000000004 0.04733333333333333
0 0.665375 0.2513333333333333 0.03425 0.043333333333333335
0 0.67125 0.6158333333333333 0.0365 0.051
0 0.673625 0.5621666666666667 0.035750000000000004 0.04833333333333333
0 0.6775 0.29766666666666663 0.039 0.048666666666666664
0 0.6813750000000001 0.469 0.03275 0.044
0 0.684125 0.5163333333333333 0.03425 0.04533333333333333
0 0.685625 0.42066666666666663 0.03475 0.04666666666666666
0 0.689625 0.3458333333333333 0.03625 0.04766666666666666
0 0.701375 0.7013333333333334 0.03675 0.04666666666666666
0 0.70325 0.6523333333333333 0.0395 0.049999999999999996
0 0.7086250000000001 0.6038333333333333 0.03225 0.043666666666666666
0 0.71225 0.5609999999999999 0.037 0.04933333333333333
0 0.71575 0.45366666666666666 0.035 0.04933333333333333
0 0.716125 0.511 0.03275 0.04533333333333333
0 0.7185 0.40199999999999997 0.034 0.04466666666666667
0 0.718 0.24366666666666667 0.032 0.04066666666666666
0 0.72475 0.354 0.032 0.041999999999999996
0 0.7282500000000001 0.30433333333333334 0.032 0.04533333333333333
0 0.734125 0.6823333333333333 0.03675 0.048
0 0.739125 0.6371666666666667 0.03325 0.043666666666666666
0 0.74225 0.5923333333333333 0.037 0.051333333333333335
0 0.747 0.4325 0.038 0.048999999999999995
0 0.747 0.48783333333333334 0.036000000000000004 0.04833333333333333
0 0.74625 0.5381666666666667 0.0325 0.045
0 0.758375 0.3773333333333333 0.03275 0.04533333333333333
0 0.76575 0.33516666666666667 0.0385 0.051666666666666666
0 0.7755 0.6178333333333333 0.0375 0.047
0 0.779875 0.6865 0.03725 0.053
0 0.777875 0.572 0.03325 0.048
0 0.778625 0.5163333333333333 0.03325 0.04666666666666666
0 0.784125 0.4676666666666667 0.03725 0.04666666666666666
0 0.784875 0.41933333333333334 0.03275 0.043333333333333335
0 0.7935 0.3718333333333333 0.033 0.043
0 0.80675 0.6523333333333333 0.0335 0.049999999999999996
0 0.809125 0.5975 0.035750000000000004 0.047
0 0.810625 0.5506666666666666 0.03675 0.048666666666666664
0 0.8200000000000001 0.40549999999999997 0.036000000000000004 0.04766666666666666
0 0.8240000000000001 0.5018333333333334 0.04 0.053
0 0.823125 0.4533333333333333 0.03725 0.048
