0 0.169875 0.5006666666666667 0.03775 0.052
0 0.171125 0.5506666666666666 0.03925 0.04933333333333333
0 0.17525000000000002 0.5976666666666667 0.0395 0.052
0 0.185125 0.45199999999999996 0.03775 0.050666666666666665
0 0.184875 0.4053333333333333 0.03425 0.04466666666666667
0 0.18825 0.3515 0.0335 0.04433333333333333
0 0.2015 0.6325 0.035 0.04566666666666667
0 0.20925 0.5866666666666667 0.034 0.04666666666666666
0 0.21075 0.5361666666666667 0.0365 0.049666666666666665
0 0.214875 0.31466666666666665 0.03625 0.04466666666666667
0 0.217125 0.48666666666666664 0.035250000000000004 0.04666666666666666
0 0.21912500000000001 0.42783333333333334 0.03325 0.04566666666666667
0 0.22 0.38566666666666666 0.034 0.046
0 0.22825 0.6725 0.042 0.04833333333333333
0 0.23550000000000001 0.6278333333333334 0.0315 0.045
0 0.246875 0.5143333333333333 0.03675 0.048666666666666664
0 0.2475 0.5715 0.0365 0.049666666666666665
0 0.24775 0.4658333333333333 0.034 0.04566666666666667
0 0.252875 0.4105 0.03675 0.050333333333333334
0 0.256625 0.366 0.03325 0.043333333333333335
0 0.25975 0.3208333333333333 0.035500000000000004 0.04633333333333333
0 0.2675 0.7011666666666666 0.0345 0.04433333333333333
0 0.26987500000000003 0.6511666666666667 0.03275 0.04566666666666667
0 0.2765 0.6028333333333333 0.0365 0.04433333333333333
0 0.2785 0.7616666666666666 0.0315 0.043333333333333335
0 0.280875 0.5501666666666667 0.035750000000000004 0.04766666666666666
0 0.278875 0.4905 0.03025 0.042333333333333334
0 0.283375 0.44216666666666665 0.03625 0.04433333333333333
0 0.28600000000000003 0.39916666666666667 0.033 0.043666666666666666
0 0.293125 0.3501666666666667 0.03675 0.04833333333333333
0 0.295 0.30233333333333334 0.0365 0.048
0 0.306375 0.6606666666666666 0.035250000000000004 0.048666666666666664
0 0.309125 0.583 0.03675 0.048666666666666664
0 0.309125 0.488 0.03275 0.043333333333333335
0 0.31575000000000003 0.7091666666666666 0.0415 0.048999999999999995
0 0.314625 0.5346666666666666 0.03475 0.04533333333333333
0 0.32125 0.4425 0.035500000000000004 0.04633333333333333
0 0.325 0.38616666666666666 0.037 0.048999999999999995
0 0.33025 0.7555 0.033 0.04033333333333333
0 0.33175 0.33849999999999997 0.0345 0.049666666666666665
0 0.33325 0.62 0.0365 0.04933333333333333
0 0.3425 0.6695 0.0325 0.043666666666666666
0 0.343875 0.5663333333333334 0.03225 0.043333333333333335
0 0.346625 0.5183333333333333 0.03625 0.048
0 0.34825 0.4676666666666667 0.0335 0.04466666666666667
0 0.3555 0.4195 0.034 0.045
0 0.360875 0.3723333333333333 0.035750000000000004 0.048
0 0.364 0.7178333333333333 0.0365 0.048999999999999995
0 0.3695 0.6445 0.034 0.048999999999999995
0 0.371 0.5955 0.0365 0.04766666666666666
0 0.373375 0.5513333333333333 0.03175 0.044
0 0.381125 0.5075 0.03225 0.042333333333333334
0 0.383375 0.4538333333333333 0.035250000000000004 0.04633333333333333
0 0.38975 0.6861666666666666 0.0345 0.04766666666666666
0 0.392125 0.4065 0.035750000000000004 0.047
0 0.402125 0.6271666666666667 0.03475 0.04833333333333333
0 0.407125 0.5778333333333333 0.03225 0.04566666666666667
0 0.411875 0.485 0.03625 0.04733333333333333
0 0.41150000000000003 0.5335 0.0345 0.04566666666666667
0 0.41725 0.439 0.0345 0.048
0 0.424 0.6729999999999999 0.031 0.04133333333333333
0 0.434125 0.61 0.035250000000000004 0.049999999999999996
0 0.441875 0.5636666666666666 0.03275 0.046
0 0.44825 0.5136666666666666 0.0315 0.043333333333333335
0 0.45525 0.4608333333333333 0.0325 0.043
