0 0.11900000000000001 0.5038333333333334 0.044 0.055
0 0.122375 0.44816666666666666 0.043750000000000004 0.05566666666666666
0 0.12737500000000002 0.5565 0.04275 0.06166666666666666
0 0.140375 0.39599999999999996 0.03975 0.05533333333333333
0 0.14325000000000002 0.34349999999999997 0.0395 0.049666666666666665
0 0.1515 0.283 0.037 0.049999999999999996
0 0.1575 0.594 0.037 0.048
0 0.16525 0.48783333333333334 0.042 0.05633333333333333
0 0.16575 0.5413333333333333 0.035 0.051333333333333335
0 0.173875 0.434 0.03825 0.049999999999999996
0 0.178625 0.24466666666666667 0.04125 0.04933333333333333
0 0.180875 0.36883333333333335 0.03725 0.051666666666666666
0 0.18425 0.3223333333333333 0.0405 0.049999999999999996
0 0.186625 0.6345 0.04275 0.05566666666666666
0 0.194875 0.5866666666666667 0.035250000000000004 0.049999999999999996
0 0.20475000000000002 0.5278333333333333 0.043500000000000004 0.05566666666666666
0 0.209125 0.46649999999999997 0.04175 0.05433333333333333
0 0.21 0.41383333333333333 0.038 0.049666666666666665
0 0.22025 0.35483333333333333 0.043000000000000003 0.056999999999999995
0 0.225 0.6741666666666667 0.04 0.04633333333333333
0 0.2275 0.3025 0.0395 0.050333333333333334
0 0.22975 0.253 0.041 0.056
0 0.232125 0.618 0.035750000000000004 0.04933333333333333
0 0.234125 0.7418333333333333 0.035750000000000004 0.042333333333333334
0 0.234875 0.5636666666666666 0.03675 0.04933333333333333
0 0.2445 0.5043333333333333 0.041 0.05333333333333333
0 0.2455 0.4423333333333333 0.0345 0.046
0 0.253125 0.389 0.04025 0.054
0 0.259875 0.3421666666666667 0.03625 0.047
0 0.267 0.289 0.044 0.056
0 0.271 0.23416666666666666 0.044 0.05566666666666666
0 0.27125 0.6288333333333334 0.039 0.053
0 0.2745 0.6813333333333333 0.045 0.058666666666666666
0 0.274375 0.5486666666666666 0.04275 0.05533333333333333
0 0.28 0.44466666666666665 0.037 0.048666666666666664
0 0.28325 0.4968333333333333 0.0375 0.049666666666666665
0 0.29625 0.3963333333333333 0.04 0.051333333333333335
0 0.297875 0.7271666666666666 0.03625 0.04566666666666667
0 0.30312500000000003 0.33499999999999996 0.04175 0.057999999999999996
0 0.304375 0.596 0.04175 0.056
0 0.306625 0.2813333333333333 0.035750000000000004 0.051333333333333335
0 0.307375 0.6533333333333333 0.03475 0.048
0 0.31525000000000003 0.5351666666666667 0.037 0.047
0 0.32125 0.484 0.04 0.05466666666666666
0 0.32675 0.42633333333333334 0.035500000000000004 0.04666666666666666
0 0.33537500000000003 0.372 0.03775 0.048
0 0.337625 0.6256666666666666 0.03625 0.052
0 0.3435 0.323 0.0405 0.054
0 0.34225 0.6981666666666666 0.038 0.04833333333333333
0 0.344625 0.5705 0.04075 0.051
0 0.349125 0.52 0.035250000000000004 0.048
0 0.359 0.4756666666666666 0.035500000000000004 0.04733333333333333
0 0.36412500000000003 0.4141666666666666 0.04075 0.055
0 0.36712500000000003 0.6616666666666666 0.04125 0.054
0 0.372125 0.6054999999999999 0.03975 0.05433333333333333
0 0.375625 0.36466666666666664 0.04025 0.050666666666666665
0 0.38525 0.5528333333333333 0.035 0.04766666666666666
0 0.393125 0.5048333333333334 0.03775 0.048999999999999995
0 0.395 0.4538333333333333 0.0385 0.051
0 0.40325 0.4038333333333333 0.0365 0.048999999999999995
0 0.40800000000000003 0.6513333333333333 0.0345 0.048666666666666664
0 0.41275 0.5945 0.0405 0.055
0 0.426375 0.5481666666666667 0.03475 0.04633333333333333
0 0.432875 0.48316666666666663 0.03425 0.04566666666666667
0 0.442 0.42383333333333334 0.0365 0.04766666666666666
