0 0.19125 0.43133333333333335 0.0325 0.044
0 0.19575 0.47383333333333333 0.0325 0.042333333333333334
0 0.22175 0.39749999999999996 0.0345 0.045
0 0.22125 0.5131666666666667 0.029500000000000002 0.03966666666666666
0 0.23225 0.4705 0.0325 0.047
0 0.23375 0.35466666666666663 0.034 0.04666666666666666
0 0.245375 0.5413333333333333 0.03375 0.04133333333333333
0 0.245125 0.42616666666666664 0.03025 0.03833333333333333
0 0.252 0.49816666666666665 0.031 0.041
0 0.25875 0.38716666666666666 0.0335 0.045
0 0.25975 0.5808333333333333 0.035 0.047
0 0.266 0.4608333333333333 0.032 0.04633333333333333
0 0.277125 0.35183333333333333 0.03125 0.03966666666666666
0 0.279375 0.42233333333333334 0.029750000000000002 0.03666666666666667
0 0.280375 0.5393333333333333 0.03125 0.04
0 0.28250000000000003 0.6131666666666666 0.0315 0.04433333333333333
0 0.287625 0.4988333333333333 0.03175 0.041
0 0.29775 0.45349999999999996 0.031 0.04433333333333333
0 0.298375 0.384 0.03225 0.044
0 0.30062500000000003 0.572 0.03225 0.04533333333333333
0 0.309875 0.6361666666666667 0.03375 0.045
0 0.31225 0.5288333333333333 0.0335 0.04433333333333333
0 0.315625 0.3446666666666667 0.03225 0.044
0 0.318125 0.48783333333333334 0.03125 0.039
0 0.323125 0.6006666666666667 0.03075 0.04066666666666666
0 0.32375 0.42133333333333334 0.031 0.041999999999999996
0 0.333125 0.38066666666666665 0.03225 0.04133333333333333
0 0.33775 0.5646666666666667 0.0335 0.044
0 0.338 0.46049999999999996 0.029500000000000002 0.03966666666666666
0 0.34225 0.6345 0.03 0.039
0 0.346625 0.5231666666666667 0.03225 0.042333333333333334
0 0.35325 0.3421666666666667 0.031 0.041666666666666664
0 0.35375 0.41633333333333333 0.029500000000000002 0.03933333333333333
0 0.358375 0.6028333333333333 0.03225 0.041666666666666664
0 0.365 0.488 0.029500000000000002 0.03866666666666667
0 0.3685 0.5595 0.032 0.04033333333333333
0 0.369125 0.3795 0.03225 0.043
0 0.374125 0.634 0.03375 0.041999999999999996
0 0.378125 0.45116666666666666 0.03475 0.04433333333333333
0 0.3815 0.5226666666666666 0.0345 0.043333333333333335
0 0.384875 0.3428333333333333 0.03275 0.04033333333333333
0 0.39075 0.592 0.027 0.038
0 0.39425 0.418 0.031 0.03933333333333333
0 0.397 0.48516666666666663 0.03 0.039
0 0.40325 0.3783333333333333 0.031 0.044
0 0.40875 0.45116666666666666 0.029500000000000002 0.03966666666666666
0 0.41425 0.5643333333333334 0.0325 0.043333333333333335
0 0.412625 0.6281666666666667 0.02825 0.03766666666666667
0 0.418875 0.522 0.03425 0.04133333333333333
0 0.416875 0.32366666666666666 0.02875 0.03866666666666667
0 0.4275 0.48 0.0315 0.04466666666666667
0 0.4275 0.4121666666666666 0.029500000000000002 0.04033333333333333
0 0.438125 0.5955 0.03325 0.043
0 0.439625 0.365 0.02825 0.03666666666666667
0 0.44425000000000003 0.5558333333333333 0.03 0.03766666666666667
0 0.44625000000000004 0.6528333333333333 0.032 0.03966666666666666
0 0.44425000000000003 0.4423333333333333 0.0275 0.038
0 0.449 0.5178333333333334 0.031 0.041666666666666664
0 0.4595 0.48083333333333333 0.031 0.04433333333333333
0 0.465375 0.4085 0.02775 0.03833333333333333
0 0.4685 0.595 0.0265 0.034666666666666665
0 0.47750000000000004 0.4468333333333333 0.0315 0.043666666666666666
0 0.48175 0.5121666666666667 0.0315 0.045
0 0.483375 0.5543333333333333 0.03225 0.041999999999999996
0 0.49975 0.48016666666666663 0.029500000000000002 0.034999999999999996
