0 0.070125 0.6126666666666667 0.04475 0.056666666666666664
0 0.113875 0.4663333333333333 0.05225 0.07666666666666666
0 0.1155 0.5459999999999999 0.047 0.06333333333333332
0 0.12737500000000002 0.3353333333333333 0.05725 0.06866666666666667
0 0.123 0.39966666666666667 0.0475 0.06333333333333332
0 0.135375 0.6663333333333333 0.04525 0.057999999999999996
0 0.144125 0.6016666666666667 0.05475 0.06533333333333333
0 0.160375 0.5065 0.05225 0.059666666666666666
0 0.15825 0.4398333333333333 0.046 0.059
0 0.16575 0.2875 0.051500000000000004 0.07033333333333333
0 0.16825 0.3725 0.0455 0.059
0 0.18575 0.7023333333333334 0.051500000000000004 0.06266666666666666
0 0.18862500000000001 0.5575 0.05075 0.06766666666666667
0 0.1905 0.6251666666666666 0.0425 0.057666666666666665
0 0.20750000000000002 0.25416666666666665 0.0505 0.06966666666666667
0 0.208625 0.33249999999999996 0.051750000000000004 0.06633333333333333
0 0.20625000000000002 0.4728333333333333 0.047 0.058333333333333334
0 0.210875 0.4093333333333333 0.05025 0.06733333333333333
0 0.23425 0.7075 0.056 0.06899999999999999
0 0.233 0.6393333333333333 0.0495 0.06333333333333332
0 0.237875 0.5773333333333334 0.05025 0.06733333333333333
0 0.246625 0.5075 0.05675 0.06433333333333333
0 0.256 0.4408333333333333 0.05 0.06433333333333333
0 0.256375 0.3715 0.04925 0.06766666666666667
0 0.255875 0.306 0.04475 0.05733333333333333
0 0.25875 0.238 0.0445 0.06333333333333332
0 0.2715 0.748 0.047 0.050666666666666665
0 0.277 0.6688333333333333 0.0525 0.06899999999999999
0 0.284375 0.606 0.05375 0.06333333333333332
0 0.289 0.5465 0.043500000000000004 0.06033333333333333
0 0.292375 0.48416666666666663 0.04475 0.06233333333333333
0 0.29825 0.20516666666666666 0.042 0.057666666666666665
0 0.298875 0.3348333333333333 0.04225 0.059666666666666666
0 0.302875 0.39599999999999996 0.043750000000000004 0.056666666666666664
0 0.3055 0.2645 0.0425 0.06233333333333333
0 0.31625000000000003 0.7096666666666667 0.0495 0.06999999999999999
0 0.324 0.6475 0.045 0.053
0 0.324375 0.5751666666666666 0.04275 0.059666666666666666
0 0.329625 0.5148333333333334 0.04875 0.067
0 0.328625 0.439 0.04225 0.057999999999999996
0 0.342 0.242 0.0475 0.062
0 0.345125 0.30483333333333335 0.04925 0.065
0 0.34475 0.365 0.048 0.064
0 0.346125 0.172 0.04275 0.057999999999999996
0 0.359125 0.6948333333333333 0.03875 0.048999999999999995
0 0.363375 0.6178333333333333 0.04425 0.057666666666666665
0 0.365375 0.5543333333333333 0.04075 0.05533333333333333
0 0.37225 0.4795 0.0445 0.05566666666666666
0 0.374875 0.4225 0.04725 0.06433333333333333
0 0.382625 0.3421666666666667 0.03725 0.055
0 0.385625 0.2796666666666667 0.04075 0.05466666666666666
0 0.394125 0.18183333333333332 0.04475 0.06233333333333333
0 0.403625 0.5803333333333334 0.04575 0.06666666666666667
0 0.40875 0.5158333333333334 0.048 0.065
0 0.417 0.45116666666666666 0.042 0.06366666666666666
0 0.415875 0.645 0.03925 0.05533333333333333
0 0.419625 0.38816666666666666 0.04525 0.06366666666666666
0 0.42212500000000003 0.24666666666666665 0.04575 0.06333333333333332
0 0.42475 0.31216666666666665 0.0445 0.063
0 0.44475000000000003 0.5538333333333333 0.043500000000000004 0.061
0 0.452875 0.4945 0.043750000000000004 0.06033333333333333
0 0.455625 0.4255 0.04225 0.06166666666666666
0 0.45675 0.6116666666666667 0.0405 0.052
0 0.45825 0.35666666666666663 0.0415 0.056666666666666664
0 0.4635 0.2793333333333333 0.043500000000000004 0.06
