0 0.24875 0.41666666666666663 0.0365 0.048666666666666664
0 0.2585 0.5558333333333333 0.039 0.051666666666666666
0 0.2705 0.5016666666666667 0.0385 0.052
0 0.27675 0.33716666666666667 0.04 0.05366666666666667
0 0.286125 0.4056666666666667 0.035250000000000004 0.04933333333333333
0 0.290625 0.722 0.04025 0.054
0 0.290625 0.5935 0.03725 0.04833333333333333
0 0.30012500000000003 0.46349999999999997 0.04025 0.053
0 0.30575 0.5521666666666667 0.041 0.053
0 0.30425 0.6695 0.0365 0.048999999999999995
0 0.310875 0.29716666666666663 0.03975 0.051666666666666666
0 0.318625 0.355 0.04025 0.052
0 0.3215 0.42233333333333334 0.0335 0.043333333333333335
0 0.3265 0.5023333333333333 0.0405 0.054
0 0.330625 0.617 0.03425 0.048
0 0.333125 0.7033333333333333 0.03275 0.04733333333333333
0 0.342875 0.5631666666666666 0.03875 0.051666666666666666
0 0.34425 0.26516666666666666 0.034 0.047
0 0.35000000000000003 0.77 0.044 0.05733333333333333
0 0.353625 0.3218333333333333 0.043250000000000004 0.05433333333333333
0 0.35425 0.469 0.035500000000000004 0.046
0 0.35725 0.378 0.0395 0.048666666666666664
0 0.36525 0.519 0.0425 0.05333333333333333
0 0.364375 0.6565 0.035250000000000004 0.050333333333333334
0 0.3685 0.7188333333333333 0.039 0.053
0 0.37975000000000003 0.42883333333333334 0.0395 0.051666666666666666
0 0.381 0.23666666666666666 0.039 0.05266666666666667
0 0.380375 0.5925 0.03375 0.04566666666666667
0 0.387 0.2861666666666667 0.0385 0.051666666666666666
0 0.397 0.6398333333333334 0.0445 0.05366666666666667
0 0.394125 0.4728333333333333 0.025750000000000002 0.041
0 0.3995 0.3353333333333333 0.034 0.048
0 0.4025 0.7418333333333333 0.0395 0.05233333333333333
0 0.403625 0.5491666666666667 0.04075 0.05366666666666667
0 0.408625 0.6918333333333333 0.03475 0.049666666666666665
0 0.414625 0.39816666666666667 0.03975 0.053
0 0.419625 0.45066666666666666 0.03875 0.049999999999999996
0 0.42712500000000003 0.5038333333333334 0.03825 0.05233333333333333
0 0.42712500000000003 0.24733333333333332 0.03475 0.046
0 0.4295 0.29716666666666663 0.035 0.045
0 0.432125 0.5908333333333333 0.03975 0.051
0 0.44 0.35983333333333334 0.037 0.051
0 0.4435 0.7143333333333333 0.0415 0.052
0 0.445875 0.646 0.03925 0.052
0 0.45487500000000003 0.4628333333333333 0.03475 0.04633333333333333
0 0.458 0.4028333333333333 0.038 0.04833333333333333
0 0.45875 0.271 0.0345 0.04733333333333333
0 0.462625 0.521 0.03675 0.048666666666666664
0 0.465375 0.3238333333333333 0.035750000000000004 0.049666666666666665
0 0.469625 0.5776666666666667 0.03475 0.04733333333333333
0 0.48375 0.6861666666666666 0.0415 0.057666666666666665
0 0.481 0.6283333333333333 0.034 0.04933333333333333
0 0.48325 0.36816666666666664 0.0385 0.049666666666666665
0 0.48325 0.7575 0.0345 0.05566666666666666
0 0.48762500000000003 0.4363333333333333 0.03425 0.04666666666666666
0 0.495 0.48583333333333334 0.035500000000000004 0.04633333333333333
0 0.502125 0.5423333333333333 0.03925 0.05333333333333333
0 0.50325 0.2685 0.0395 0.05233333333333333
0 0.504875 0.32516666666666666 0.03875 0.050333333333333334
0 0.512625 0.5933333333333333 0.03625 0.050666666666666665
0 0.514625 0.39699999999999996 0.03925 0.050666666666666665
0 0.5185 0.7038333333333333 0.0395 0.05233333333333333
0 0.51925 0.647 0.0365 0.051333333333333335
0 0.520875 0.7768333333333333 0.03675 0.051666666666666666
0 0.524375 0.45299999999999996 0.03775 0.051333333333333335
0 0.529875 0.5043333333333333 0.03275 0.04666666666666666
0 0.538125 0.35516666666666663 0.03975 0.05233333333333333
0 0.539625 0.5558333333333333 0.04125 0.055
0 0.543875 0.30266666666666664 0.035750000000000004 0.04933333333333333
0 0.5493750000000001 0.6074999999999999 0.03625 0.04833333333333333
0 0.55175 0.41733333333333333 0.0385 0.04933333333333333
0 0.556 0.6751666666666667 0.041 0.053
0 0.5635 0.7288333333333333 0.04 0.057666666666666665
0 0.563375 0.4638333333333333 0.03775 0.04766666666666666
0 0.566125 0.5105 0.03375 0.047
0 0.5775 0.36966666666666664 0.0395 0.052
0 0.5775 0.5616666666666666 0.0375 0.051333333333333335
0 0.589125 0.6256666666666666 0.04025 0.05533333333333333
0 0.5896250000000001 0.425 0.03825 0.051333333333333335
0 0.597375 0.6805 0.04225 0.055
0 0.598125 0.4761666666666666 0.03775 0.04766666666666666
0 0.603625 0.5288333333333333 0.03675 0.048999999999999995
0 0.616125 0.5856666666666667 0.035750000000000004 0.052
