0 0.12637500000000002 0.4701666666666667 0.035750000000000004 0.04766666666666666
0 0.14250000000000002 0.5251666666666667 0.0365 0.048999999999999995
0 0.150375 0.5836666666666667 0.03675 0.043333333333333335
0 0.157 0.4348333333333333 0.03 0.04433333333333333
0 0.15975 0.6771666666666667 0.0345 0.04433333333333333
0 0.174625 0.499 0.035750000000000004 0.048
0 0.19037500000000002 0.5475 0.03375 0.042333333333333334
0 0.193125 0.4126666666666666 0.03075 0.042666666666666665
0 0.19575 0.6935 0.036000000000000004 0.04833333333333333
0 0.201125 0.618 0.04075 0.04733333333333333
0 0.20825 0.45516666666666666 0.0335 0.04566666666666667
0 0.209875 0.7361666666666666 0.035250000000000004 0.043
0 0.212125 0.36633333333333334 0.035250000000000004 0.04133333333333333
0 0.212625 0.5105 0.035250000000000004 0.04633333333333333
0 0.218 0.5756666666666667 0.0315 0.042666666666666665
0 0.228125 0.41333333333333333 0.03375 0.044
0 0.228625 0.7105 0.02875 0.042333333333333334
0 0.23525000000000001 0.632 0.035 0.048
0 0.240375 0.3418333333333333 0.02875 0.039
0 0.248125 0.5101666666666667 0.03325 0.04566666666666667
0 0.25275000000000003 0.46349999999999997 0.035 0.043
0 0.256 0.5528333333333333 0.037 0.047
0 0.256 0.7548333333333334 0.0325 0.03833333333333333
0 0.2565 0.38166666666666665 0.0315 0.041999999999999996
0 0.2745 0.6923333333333334 0.034 0.046
0 0.27925 0.34983333333333333 0.035500000000000004 0.04766666666666666
0 0.282875 0.5231666666666667 0.03375 0.043
0 0.282875 0.634 0.03275 0.04466666666666667
0 0.283375 0.5846666666666667 0.03075 0.04533333333333333
0 0.29075 0.4105 0.031 0.041666666666666664
0 0.2935 0.4528333333333333 0.035 0.047
0 0.294125 0.7313333333333333 0.03275 0.04466666666666667
0 0.30275 0.6668333333333333 0.029500000000000002 0.03766666666666667
0 0.315 0.495 0.0365 0.048
0 0.319 0.3298333333333333 0.0325 0.043
0 0.321375 0.7055 0.035750000000000004 0.043
0 0.32025 0.3875 0.0325 0.045
0 0.32075 0.6216666666666667 0.033 0.041999999999999996
0 0.325875 0.4465 0.03275 0.037
0 0.326875 0.5756666666666667 0.03225 0.042666666666666665
0 0.350375 0.36583333333333334 0.02875 0.041666666666666664
0 0.352875 0.6325 0.03175 0.043666666666666666
0 0.3535 0.48166666666666663 0.0325 0.043333333333333335
0 0.354 0.4098333333333333 0.032 0.043666666666666666
0 0.359 0.6805 0.0335 0.045
0 0.36012500000000003 0.5418333333333333 0.02875 0.04033333333333333
0 0.36225 0.582 0.0305 0.044
0 0.379125 0.5043333333333333 0.03375 0.046
0 0.3805 0.38816666666666666 0.03 0.04033333333333333
0 0.383 0.45966666666666667 0.032 0.044
0 0.388 0.5496666666666666 0.031 0.04066666666666666
0 0.3955 0.6054999999999999 0.029500000000000002 0.037
0 0.403625 0.42883333333333334 0.03125 0.04433333333333333
0 0.406 0.644 0.0315 0.03733333333333333
0 0.409125 0.47733333333333333 0.02775 0.03933333333333333
0 0.417 0.5225 0.03 0.03766666666666667
0 0.420875 0.5705 0.03075 0.039
0 0.4295 0.6094999999999999 0.0335 0.04566666666666667
