0 0.198375 0.5646666666666667 0.03825 0.050666666666666665
0 0.20350000000000001 0.5115 0.039 0.051666666666666666
0 0.202375 0.6174999999999999 0.035250000000000004 0.04633333333333333
0 0.202875 0.45749999999999996 0.03425 0.04833333333333333
0 0.22087500000000002 0.6615 0.03675 0.050333333333333334
0 0.232 0.585 0.033 0.048
0 0.239375 0.5345 0.035750000000000004 0.04566666666666667
0 0.24525 0.48066666666666663 0.034 0.04666666666666666
0 0.252875 0.6888333333333333 0.03825 0.053
0 0.2585 0.42883333333333334 0.034 0.04633333333333333
0 0.259625 0.633 0.03325 0.048
0 0.265125 0.37666666666666665 0.04025 0.05466666666666666
0 0.275375 0.5565 0.04225 0.05233333333333333
0 0.279125 0.508 0.04175 0.049999999999999996
0 0.289125 0.46199999999999997 0.03775 0.050666666666666665
0 0.291375 0.7006666666666667 0.03775 0.049999999999999996
0 0.29712500000000003 0.6496666666666666 0.03925 0.054
0 0.295875 0.598 0.03675 0.050666666666666665
0 0.29862500000000003 0.41 0.03625 0.04733333333333333
0 0.30425 0.3565 0.04 0.055
0 0.316875 0.5396666666666666 0.03175 0.043333333333333335
0 0.324375 0.48566666666666664 0.03375 0.04666666666666666
0 0.32725 0.7178333333333333 0.034 0.045
0 0.33125 0.6709999999999999 0.036000000000000004 0.048666666666666664
0 0.334 0.57 0.031 0.03666666666666667
0 0.339375 0.44916666666666666 0.03975 0.041
0 0.337625 0.6226666666666666 0.03275 0.04666666666666666
0 0.341375 0.4053333333333333 0.03975 0.05466666666666666
0 0.345625 0.35516666666666663 0.03725 0.051666666666666666
0 0.34850000000000003 0.5261666666666667 0.033 0.043666666666666666
0 0.36262500000000003 0.697 0.03775 0.048666666666666664
0 0.3665 0.5633333333333334 0.0375 0.049999999999999996
0 0.3695 0.6523333333333333 0.0385 0.049999999999999996
0 0.374375 0.46699999999999997 0.035250000000000004 0.04466666666666667
0 0.37775000000000003 0.3865 0.038 0.050333333333333334
0 0.3855 0.6043333333333333 0.0405 0.04733333333333333
0 0.385125 0.5151666666666667 0.035750000000000004 0.04766666666666666
0 0.3975 0.34099999999999997 0.037 0.04733333333333333
0 0.397 0.696 0.034 0.04666666666666666
0 0.401625 0.42783333333333334 0.03475 0.045
0 0.405125 0.5621666666666667 0.03725 0.048999999999999995
0 0.41500000000000004 0.6545 0.037 0.051
0 0.416125 0.4695 0.03475 0.05233333333333333
0 0.4185 0.3838333333333333 0.0335 0.04633333333333333
0 0.42312500000000003 0.6018333333333333 0.03625 0.04633333333333333
0 0.42825 0.5263333333333333 0.0315 0.044
0 0.437625 0.421 0.03625 0.04733333333333333
0 0.440375 0.33799999999999997 0.03325 0.04533333333333333
0 0.446625 0.5548333333333333 0.03425 0.045
0 0.449375 0.6346666666666666 0.035750000000000004 0.044
0 0.451 0.6773333333333333 0.032 0.04666666666666666
0 0.45325 0.46316666666666667 0.035 0.04566666666666667
0 0.457125 0.3843333333333333 0.03225 0.04466666666666667
0 0.468875 0.5048333333333334 0.03425 0.043666666666666666
0 0.470125 0.595 0.035250000000000004 0.049999999999999996
0 0.483375 0.5523333333333333 0.03425 0.04733333333333333
0 0.488375 0.446 0.03675 0.052
0 0.49312500000000004 0.3963333333333333 0.03625 0.04933333333333333
