0 0.245 0.742 0.049999999999999996 0.0365
0 0.24683333333333332 0.6795 0.04433333333333333 0.034
0 0.26116666666666666 0.776 0.04633333333333333 0.0335
0 0.262 0.644625 0.03933333333333333 0.03125
0 0.2798333333333333 0.706 0.043 0.0305
0 0.29283333333333333 0.61925 0.04633333333333333 0.0335
0 0.29533333333333334 0.809875 0.049999999999999996 0.03675
0 0.30216666666666664 0.675875 0.04833333333333333 0.03375
0 0.30316666666666664 0.7352500000000001 0.04833333333333333 0.037
0 0.32 0.7751250000000001 0.049999999999999996 0.03975
0 0.3208333333333333 0.6435 0.04033333333333333 0.0315
0 0.3263333333333333 0.702875 0.04533333333333333 0.035750000000000004
0 0.33666666666666667 0.840375 0.044 0.03675
0 0.3468333333333333 0.675625 0.041 0.03375
0 0.351 0.734125 0.04666666666666666 0.035750000000000004
0 0.352 0.61575 0.04466666666666667 0.033
0 0.35266666666666663 0.8045 0.04533333333333333 0.0365
0 0.36216666666666664 0.5505 0.041666666666666664 0.033
0 0.3675 0.586125 0.04566666666666667 0.03325
0 0.3725 0.64475 0.039 0.029500000000000002
0 0.379 0.702125 0.043333333333333335 0.03375
0 0.37966666666666665 0.767 0.03733333333333333 0.034
0 0.38766666666666666 0.838 0.052 0.039
0 0.3963333333333333 0.802875 0.04666666666666666 0.035250000000000004
0 0.4023333333333333 0.674 0.042666666666666665 0.032
0 0.40399999999999997 0.5317500000000001 0.04133333333333333 0.033
0 0.4056666666666667 0.5645 0.04466666666666667 0.0365
0 0.4065 0.729 0.043 0.032
0 0.4085 0.5992500000000001 0.04433333333333333 0.0345
0 0.4131666666666666 0.641875 0.043 0.03125
0 0.4245 0.765375 0.053 0.04025
0 0.42816666666666664 0.881 0.049666666666666665 0.0395
0 0.42616666666666664 0.69975 0.043 0.033
0 0.43466666666666665 0.834875 0.052 0.04125
0 0.4428333333333333 0.7977500000000001 0.047 0.0365
0 0.4515 0.7262500000000001 0.043666666666666666 0.032
0 0.45199999999999996 0.612625 0.044 0.03375
0 0.4533333333333333 0.670375 0.046 0.035750000000000004
0 0.46166666666666667 0.5395 0.04533333333333333 0.035500000000000004
0 0.47383333333333333 0.766875 0.04633333333333333 0.03275
0 0.48683333333333334 0.696625 0.04633333333333333 0.035250000000000004
0 0.48433333333333334 0.5735 0.04 0.0305
0 0.4895 0.633375 0.047 0.03625
0 0.4923333333333333 0.80675 0.050666666666666665 0.042
0 0.4935 0.888125 0.051666666666666666 0.03875
0 0.4943333333333333 0.8466250000000001 0.04733333333333333 0.03825
0 0.4955 0.737625 0.043 0.035250000000000004
0 0.49866666666666665 0.6002500000000001 0.03866666666666667 0.031
0 0.52 0.775875 0.048666666666666664 0.03675
0 0.5195 0.671625 0.042333333333333334 0.03225
0 0.5241666666666667 0.550875 0.041 0.03125
0 0.531 0.70175 0.041999999999999996 0.0325
0 0.5303333333333333 0.581 0.03866666666666667 0.029500000000000002
0 0.5366666666666666 0.635 0.04133333333333333 0.0315
0 0.5376666666666666 0.8170000000000001 0.041999999999999996 0.035
0 0.5423333333333333 0.852875 0.043333333333333335 0.03375
0 0.5523333333333333 0.738375 0.04466666666666667 0.03775
0 0.5599999999999999 0.663375 0.041999999999999996 0.03375
0 0.5715 0.794625 0.050333333333333334 0.03825
0 0.5768333333333333 0.59275 0.045 0.032
0 0.5751666666666666 0.629875 0.03966666666666666 0.03075
0 0.5783333333333334 0.700125 0.043333333333333335 0.035250000000000004
0 0.5913333333333333 0.841125 0.050666666666666665 0.04625
0 0.6028333333333333 0.6587500000000001 0.041 0.0325
0 0.6038333333333333 0.7315 0.041666666666666664 0.0325
0 0.6101666666666666 0.7685 0.048999999999999995 0.039
0 0.6173333333333333 0.60875 0.042666666666666665 0.0315
0 0.6204999999999999 0.80375 0.047 0.035500000000000004
0 0.6391666666666667 0.707125 0.041666666666666664 0.03275
0 0.6518333333333333 0.6455 0.047 0.035
0 0.6533333333333333 0.74425 0.041999999999999996 0.038
0 0.659 0.7821250000000001 0.048666666666666664 0.03825
0 0.6636666666666666 0.677 0.04066666666666666 0.0315
0 0.6669999999999999 0.8185 0.04666666666666666 0.0345
0 0.7038333333333333 0.780625 0.050333333333333334 0.03875
0 0.7033333333333333 0.730625 0.04533333333333333 0.035250000000000004
0 0.7434999999999999 0.7508750000000001 0.04766666666666666 0.04125
