0 0.2543333333333333 0.635625 0.04 0.03125
0 0.25966666666666666 0.602125 0.04666666666666666 0.03375
0 0.27699999999999997 0.71575 0.04466666666666667 0.035
0 0.2825 0.74575 0.039 0.029
0 0.292 0.652875 0.044 0.03275
0 0.29416666666666663 0.6228750000000001 0.041 0.03125
0 0.30383333333333334 0.575125 0.043666666666666666 0.03225
0 0.30766666666666664 0.7775 0.04533333333333333 0.035500000000000004
0 0.31066666666666665 0.6813750000000001 0.042666666666666665 0.03225
0 0.32066666666666666 0.711875 0.03866666666666667 0.029750000000000002
0 0.33316666666666667 0.643 0.041 0.032
0 0.33999999999999997 0.744 0.04133333333333333 0.0325
0 0.35333333333333333 0.686875 0.03933333333333333 0.02925
0 0.3545 0.77325 0.04033333333333333 0.0305
0 0.35383333333333333 0.586125 0.034999999999999996 0.03025
0 0.35716666666666663 0.552875 0.03966666666666666 0.029750000000000002
0 0.36783333333333335 0.816875 0.04033333333333333 0.03775
0 0.36966666666666664 0.7165 0.04 0.03
0 0.372 0.6275000000000001 0.043333333333333335 0.032
0 0.376 0.6645 0.041999999999999996 0.0315
0 0.3798333333333333 0.746625 0.043 0.03375
0 0.38816666666666666 0.593875 0.03966666666666666 0.02925
0 0.389 0.5665 0.038 0.0285
0 0.39499999999999996 0.776625 0.04666666666666666 0.03325
0 0.39849999999999997 0.6885 0.039 0.029
0 0.41083333333333333 0.8270000000000001 0.047 0.0315
0 0.4121666666666666 0.71625 0.04033333333333333 0.0315
0 0.4135 0.6185 0.041666666666666664 0.032
0 0.42516666666666664 0.657125 0.04566666666666667 0.03175
0 0.4255 0.74975 0.043666666666666666 0.0365
0 0.42566666666666664 0.5485 0.04066666666666666 0.0315
0 0.43766666666666665 0.68725 0.03933333333333333 0.0305
0 0.44 0.5955 0.04133333333333333 0.0285
0 0.4448333333333333 0.7915 0.04433333333333333 0.0335
0 0.45516666666666666 0.7165 0.041 0.029
0 0.45849999999999996 0.570875 0.04033333333333333 0.02775
0 0.46099999999999997 0.82625 0.04533333333333333 0.0365
0 0.46299999999999997 0.538125 0.041999999999999996 0.03225
0 0.4653333333333333 0.624375 0.03933333333333333 0.03025
0 0.4701666666666667 0.654375 0.041666666666666664 0.03225
0 0.4731666666666666 0.754 0.037 0.029500000000000002
0 0.4766666666666666 0.690375 0.044 0.03375
0 0.48016666666666663 0.598125 0.035666666666666666 0.02925
0 0.49133333333333334 0.790375 0.04466666666666667 0.03475
0 0.4955 0.727125 0.04766666666666666 0.03675
0 0.4983333333333333 0.5735 0.03733333333333333 0.029
0 0.5013333333333333 0.6345000000000001 0.03666666666666667 0.0285
0 0.5131666666666667 0.8200000000000001 0.04033333333333333 0.036000000000000004
0 0.5136666666666666 0.5415 0.04133333333333333 0.029500000000000002
0 0.5121666666666667 0.6723750000000001 0.03833333333333333 0.03225
0 0.5143333333333333 0.76275 0.042666666666666665 0.036000000000000004
0 0.5241666666666667 0.607625 0.03833333333333333 0.02775
0 0.5273333333333333 0.7025 0.03933333333333333 0.032
0 0.5381666666666667 0.7907500000000001 0.04433333333333333 0.0325
0 0.5366666666666666 0.7322500000000001 0.04066666666666666 0.0335
0 0.5449999999999999 0.64425 0.042666666666666665 0.0325
0 0.5521666666666667 0.551625 0.03766666666666667 0.02775
0 0.5606666666666666 0.76225 0.04466666666666667 0.0345
0 0.5609999999999999 0.679 0.04066666666666666 0.031
0 0.5643333333333334 0.5806250000000001 0.038 0.02875
0 0.5653333333333334 0.613125 0.03866666666666667 0.02775
0 0.5741666666666666 0.715 0.043 0.036000000000000004
0 0.595 0.793125 0.04533333333333333 0.03375
0 0.6023333333333333 0.662625 0.04466666666666667 0.03425
0 0.6044999999999999 0.628625 0.041666666666666664 0.03325
0 0.6048333333333333 0.6935 0.039 0.03
0 0.607 0.736125 0.03866666666666667 0.03175
0 0.6058333333333333 0.59475 0.035666666666666666 0.028
0 0.6111666666666666 0.56425 0.041 0.0325
0 0.6366666666666666 0.763 0.042666666666666665 0.0315
0 0.6391666666666667 0.64225 0.03966666666666666 0.032
0 0.6393333333333333 0.709125 0.03866666666666667 0.02775
0 0.647 0.5493750000000001 0.042666666666666665 0.03175
0 0.648 0.60675 0.04066666666666666 0.0305
0 0.6533333333333333 0.681875 0.04066666666666666 0.03375
0 0.6653333333333333 0.5806250000000001 0.041999999999999996 0.03175
0 0.6783333333333333 0.627125 0.03933333333333333 0.03075
