0 0.1565 0.646625 0.06566666666666666 0.05225
0 0.16699999999999998 0.5337500000000001 0.06266666666666666 0.0545
0 0.1865 0.476625 0.073 0.05375
0 0.19233333333333333 0.7165 0.074 0.05
0 0.20216666666666666 0.5786250000000001 0.07166666666666667 0.05625
0 0.21616666666666665 0.41500000000000004 0.067 0.051500000000000004
0 0.2375 0.527875 0.073 0.05575
0 0.24083333333333332 0.62475 0.06966666666666667 0.055
0 0.25516666666666665 0.37475 0.061 0.0465
0 0.26216666666666666 0.47475 0.07166666666666667 0.0545
0 0.2658333333333333 0.69775 0.06833333333333333 0.051500000000000004
0 0.2695 0.56925 0.06366666666666666 0.0495
0 0.29733333333333334 0.754125 0.07066666666666667 0.05275
0 0.3158333333333333 0.613 0.06899999999999999 0.051000000000000004
0 0.31916666666666665 0.42512500000000003 0.073 0.05425
0 0.318 0.5275 0.06999999999999999 0.046
0 0.33166666666666667 0.670875 0.09133333333333334 0.05225
0 0.3495 0.795 0.07633333333333334 0.057
0 0.35033333333333333 0.383375 0.06733333333333333 0.04975
0 0.356 0.568125 0.07666666666666666 0.04775
0 0.35566666666666663 0.722375 0.07333333333333333 0.05025
0 0.35566666666666663 0.475125 0.07266666666666667 0.051750000000000004
0 0.373 0.334125 0.07266666666666667 0.04925
0 0.388 0.4275 0.07333333333333333 0.0545
0 0.3905 0.6205 0.06833333333333333 0.049
0 0.4033333333333333 0.525875 0.06866666666666667 0.04875
0 0.4106666666666667 0.67825 0.074 0.053
0 0.422 0.741125 0.07666666666666666 0.05625
0 0.41766666666666663 0.382125 0.066 0.04875
0 0.4295 0.47900000000000004 0.06966666666666667 0.0485
0 0.44266666666666665 0.56575 0.07533333333333334 0.051500000000000004
0 0.4423333333333333 0.802 0.06666666666666667 0.057
0 0.445 0.321625 0.05933333333333333 0.043250000000000004
0 0.45549999999999996 0.86625 0.07633333333333334 0.0445
0 0.45766666666666667 0.622 0.064 0.0495
0 0.4553333333333333 0.42712500000000003 0.058666666666666666 0.05025
0 0.4711666666666667 0.522375 0.061 0.04625
0 0.4905 0.3775 0.061 0.043500000000000004
0 0.49316666666666664 0.47675 0.061 0.0465
0 0.499 0.677875 0.072 0.05725
0 0.4978333333333333 0.76375 0.06899999999999999 0.0545
0 0.5085 0.332 0.067 0.0495
0 0.5216666666666666 0.57975 0.07933333333333333 0.054
0 0.5241666666666667 0.8435 0.075 0.0575
0 0.5236666666666666 0.4235 0.056666666666666664 0.043500000000000004
0 0.5423333333333333 0.526 0.072 0.056
0 0.5475 0.629875 0.06566666666666666 0.05575
0 0.5563333333333333 0.7255 0.066 0.059000000000000004
0 0.5579999999999999 0.384875 0.06666666666666667 0.051750000000000004
0 0.5569999999999999 0.46137500000000004 0.05733333333333333 0.04775
0 0.5675 0.8911250000000001 0.07566666666666666 0.05475
0 0.57 0.793125 0.066 0.05475
0 0.5881666666666666 0.5942500000000001 0.06633333333333333 0.0495
0 0.5908333333333333 0.677875 0.06566666666666666 0.05025
0 0.6298333333333334 0.5357500000000001 0.08166666666666667 0.051000000000000004
0 0.6234999999999999 0.428375 0.06833333333333333 0.05675
0 0.6246666666666666 0.376375 0.06866666666666667 0.05525
0 0.635 0.8225 0.082 0.057
0 0.6271666666666667 0.746625 0.06433333333333333 0.051250000000000004
0 0.6346666666666666 0.480625 0.06866666666666667 0.051250000000000004
0 0.6371666666666667 0.628625 0.06233333333333333 0.04825
0 0.6501666666666667 0.88025 0.077 0.058
0 0.6668333333333333 0.5826250000000001 0.06366666666666666 0.04975
0 0.6761666666666667 0.668875 0.063 0.04675
0 0.6793333333333333 0.34675 0.06333333333333332 0.05
0 0.6876666666666666 0.399 0.06466666666666666 0.051500000000000004
0 0.6981666666666666 0.7475 0.073 0.051000000000000004
0 0.7001666666666666 0.517375 0.059666666666666666 0.04675
0 0.707 0.6188750000000001 0.06 0.05075
0 0.7344999999999999 0.482875 0.06033333333333333 0.04625
0 0.743 0.707875 0.07666666666666666 0.05025
0 0.748 0.366375 0.076 0.05225
0 0.7553333333333333 0.537625 0.06133333333333333 0.04525
0 0.7751666666666667 0.592625 0.077 0.05025
0 0.77 0.441625 0.066 0.051250000000000004
0 0.7783333333333333 0.64625 0.074 0.0505
0 0.8069999999999999 0.509625 0.05733333333333333 0.04425
