0 0.20049999999999998 0.568875 0.073 0.06125
0 0.2185 0.49975 0.075 0.058
0 0.2465 0.64625 0.06766666666666667 0.052000000000000005
0 0.26016666666666666 0.700875 0.07366666666666666 0.06225
0 0.2705 0.586125 0.071 0.051250000000000004
0 0.28983333333333333 0.814625 0.07966666666666666 0.04925
0 0.30383333333333334 0.518875 0.06899999999999999 0.05275
0 0.30833333333333335 0.46225 0.06933333333333333 0.055
0 0.30933333333333335 0.409125 0.062 0.04875
0 0.31966666666666665 0.645375 0.06866666666666667 0.05275
0 0.32516666666666666 0.7505000000000001 0.073 0.058
0 0.3428333333333333 0.5935 0.07033333333333333 0.05
0 0.358 0.88175 0.07733333333333334 0.0545
0 0.3595 0.6920000000000001 0.07766666666666666 0.057
0 0.36116666666666664 0.82475 0.06966666666666667 0.056
0 0.3715 0.54125 0.07033333333333333 0.049
0 0.37416666666666665 0.375875 0.06899999999999999 0.05425
0 0.3745 0.4365 0.06833333333333333 0.054
0 0.3735 0.484125 0.06366666666666666 0.05025
0 0.39649999999999996 0.638 0.07233333333333333 0.0585
0 0.39899999999999997 0.745125 0.072 0.05625
0 0.425 0.579375 0.066 0.04975
0 0.43716666666666665 0.914625 0.073 0.05825
0 0.4413333333333333 0.52275 0.07933333333333333 0.054
0 0.4398333333333333 0.407625 0.06966666666666667 0.05425
0 0.4425 0.806 0.07033333333333333 0.0475
0 0.44 0.472875 0.062 0.043750000000000004
0 0.4455 0.339625 0.06566666666666666 0.04475
0 0.46266666666666667 0.676 0.06933333333333333 0.0565
0 0.4681666666666667 0.8575 0.073 0.0535
0 0.47883333333333333 0.7435 0.06966666666666667 0.0485
0 0.47833333333333333 0.6115 0.062 0.0485
0 0.5111666666666667 0.55875 0.07633333333333334 0.0495
0 0.5068333333333334 0.447875 0.06566666666666666 0.05225
0 0.5065 0.51025 0.061 0.044
0 0.5111666666666667 0.3275 0.065 0.0495
0 0.5178333333333334 0.394125 0.06833333333333333 0.05325
0 0.521 0.793125 0.06466666666666666 0.05025
0 0.5445 0.716875 0.06433333333333333 0.05075
0 0.5475 0.658375 0.06233333333333333 0.05025
0 0.5606666666666666 0.606375 0.07866666666666666 0.05025
0 0.5683333333333334 0.483375 0.06133333333333333 0.04625
0 0.5725 0.8270000000000001 0.06833333333333333 0.052000000000000005
0 0.5678333333333333 0.534125 0.057666666666666665 0.04475
0 0.5716666666666667 0.42475 0.06466666666666666 0.0495
0 0.5771666666666666 0.37425 0.059 0.049
0 0.6043333333333333 0.64975 0.06 0.049
0 0.6138333333333333 0.6985 0.059 0.051500000000000004
0 0.6158333333333333 0.747375 0.06233333333333333 0.04925
0 0.62 0.5705 0.06799999999999999 0.0535
0 0.618 0.51025 0.05466666666666666 0.043500000000000004
0 0.6256666666666666 0.344125 0.06666666666666667 0.05225
0 0.6256666666666666 0.452875 0.056666666666666664 0.04475
0 0.6293333333333333 0.402875 0.06333333333333332 0.05525
0 0.6406666666666666 0.81375 0.07333333333333333 0.058
0 0.6768333333333333 0.6743750000000001 0.061 0.04925
0 0.6841666666666666 0.61775 0.06899999999999999 0.0565
0 0.6798333333333333 0.7212500000000001 0.059 0.0485
0 0.6803333333333333 0.482625 0.06 0.04075
0 0.6825 0.52475 0.063 0.052000000000000005
0 0.6893333333333334 0.42712500000000003 0.051333333333333335 0.04275
0 0.697 0.365875 0.05733333333333333 0.04175
0 0.717 0.777875 0.06799999999999999 0.05425
0 0.7241666666666666 0.57625 0.06566666666666666 0.0535
0 0.7386666666666667 0.404375 0.06466666666666666 0.05525
0 0.7371666666666666 0.466125 0.056999999999999995 0.05675
0 0.7543333333333333 0.729875 0.06999999999999999 0.05575
0 0.7496666666666666 0.6345000000000001 0.058666666666666666 0.0445
0 0.7553333333333333 0.53025 0.06666666666666667 0.051500000000000004
0 0.7783333333333333 0.675125 0.06133333333333333 0.04725
0 0.7945 0.48912500000000003 0.06366666666666666 0.05525
0 0.8013333333333333 0.62325 0.051333333333333335 0.0445
0 0.8246666666666667 0.535375 0.06733333333333333 0.051750000000000004
0 0.8413333333333333 0.67625 0.056666666666666664 0.046
0 0.8564999999999999 0.490375 0.06433333333333333 0.04625
0 0.8574999999999999 0.6045 0.06166666666666666 0.049
0 0.8996666666666666 0.534125 0.06333333333333332 0.04975
0 0.9445 0.772875 0.05633333333333333 0.03925
