0 0.20800000000000002 0.631 0.0395 0.051333333333333335
0 0.214 0.5751666666666666 0.0445 0.048999999999999995
0 0.2315 0.4373333333333333 0.0445 0.06266666666666666
0 0.24075 0.6876666666666666 0.0375 0.04933333333333333
0 0.2535 0.6178333333333333 0.044 0.063
0 0.25775 0.5028333333333334 0.0455 0.057666666666666665
0 0.25875 0.5611666666666667 0.038 0.050333333333333334
0 0.260875 0.3765 0.04025 0.05366666666666667
0 0.27975 0.4488333333333333 0.047 0.06033333333333333
0 0.2795 0.724 0.0395 0.051333333333333335
0 0.28925 0.6641666666666667 0.045 0.061
0 0.29375 0.6074999999999999 0.0395 0.048999999999999995
0 0.29712500000000003 0.5033333333333333 0.03475 0.052
0 0.3015 0.5601666666666667 0.0385 0.05366666666666667
0 0.307 0.4028333333333333 0.046 0.06033333333333333
0 0.30475 0.34933333333333333 0.038 0.052
0 0.3265 0.6965 0.044 0.05633333333333333
0 0.331625 0.30383333333333334 0.043750000000000004 0.06166666666666666
0 0.33037500000000003 0.5943333333333333 0.03825 0.05266666666666667
0 0.33275 0.647 0.041 0.05333333333333333
0 0.33475 0.449 0.04 0.05266666666666667
0 0.340625 0.5355 0.04025 0.05366666666666667
0 0.34550000000000003 0.36983333333333335 0.047 0.06633333333333333
0 0.363 0.6798333333333333 0.036000000000000004 0.05233333333333333
0 0.3695 0.26266666666666666 0.045 0.051333333333333335
0 0.37075 0.6283333333333333 0.0375 0.050666666666666665
0 0.376375 0.3183333333333333 0.04575 0.06999999999999999
0 0.374625 0.49816666666666665 0.04025 0.051666666666666666
0 0.37775000000000003 0.5628333333333333 0.046 0.061
0 0.378875 0.43816666666666665 0.04075 0.056999999999999995
0 0.403625 0.39116666666666666 0.04675 0.06033333333333333
0 0.40475 0.7188333333333333 0.036000000000000004 0.04833333333333333
0 0.40875 0.6548333333333333 0.043000000000000003 0.057666666666666665
0 0.407875 0.6001666666666666 0.03675 0.049666666666666665
0 0.415375 0.5298333333333333 0.04475 0.059
0 0.41725 0.27166666666666667 0.0455 0.06066666666666667
0 0.421625 0.3358333333333333 0.04125 0.05566666666666666
0 0.42662500000000003 0.4706666666666667 0.04475 0.05933333333333333
0 0.440375 0.6861666666666666 0.03975 0.06233333333333333
0 0.445875 0.6261666666666666 0.04425 0.059666666666666666
0 0.443125 0.5705 0.03825 0.055
0 0.450625 0.4033333333333333 0.043250000000000004 0.057999999999999996
0 0.45525 0.519 0.037 0.05333333333333333
0 0.47825 0.36683333333333334 0.0395 0.05233333333333333
0 0.479875 0.46699999999999997 0.03875 0.05466666666666666
0 0.486 0.6839999999999999 0.0445 0.056
0 0.492 0.5771666666666666 0.0395 0.055
0 0.493875 0.6345 0.04225 0.06033333333333333
0 0.492375 0.5198333333333334 0.03825 0.05566666666666666
0 0.49975 0.41083333333333333 0.0425 0.057666666666666665
0 0.526625 0.46266666666666667 0.043750000000000004 0.05933333333333333
0 0.5325 0.6575 0.038 0.047
0 0.53725 0.6111666666666666 0.04 0.050333333333333334
0 0.547 0.5465 0.0365 0.047
