0 0.077875 0.9793333333333333 0.03475 0.038
0 0.130625 0.5558333333333333 0.035750000000000004 0.04566666666666667
0 0.133 0.6026666666666667 0.037 0.048666666666666664
0 0.140875 0.507 0.04475 0.052
0 0.14675 0.45949999999999996 0.037 0.04833333333333333
0 0.146375 0.6486666666666666 0.03275 0.04533333333333333
0 0.16575 0.41766666666666663 0.043000000000000003 0.05533333333333333
0 0.169625 0.5513333333333333 0.03875 0.049999999999999996
0 0.17350000000000002 0.6121666666666666 0.035500000000000004 0.049666666666666665
0 0.182875 0.4958333333333333 0.03625 0.04633333333333333
0 0.18812500000000001 0.6699999999999999 0.04125 0.048666666666666664
0 0.201375 0.5756666666666667 0.04275 0.046
0 0.200125 0.45016666666666666 0.03375 0.04566666666666667
0 0.203625 0.40249999999999997 0.03725 0.045
0 0.20600000000000002 0.532 0.032 0.044
0 0.20725000000000002 0.7131666666666666 0.034 0.045
0 0.208375 0.6246666666666666 0.03325 0.044
0 0.226625 0.6663333333333333 0.03875 0.048666666666666664
0 0.225875 0.49066666666666664 0.03325 0.04466666666666667
0 0.22875 0.361 0.036000000000000004 0.049999999999999996
0 0.231625 0.7434999999999999 0.03375 0.043666666666666666
0 0.236875 0.4483333333333333 0.03425 0.043333333333333335
0 0.23225 0.5793333333333334 0.023 0.03866666666666667
0 0.24525 0.5371666666666667 0.0385 0.04833333333333333
0 0.24425 0.631 0.033 0.04466666666666667
0 0.248125 0.314 0.03925 0.048666666666666664
0 0.25175000000000003 0.7026666666666667 0.04 0.04466666666666667
0 0.251125 0.39966666666666667 0.035250000000000004 0.04533333333333333
0 0.25375000000000003 0.7908333333333333 0.03 0.042333333333333334
0 0.260625 0.5778333333333333 0.03725 0.039
0 0.26075 0.485 0.037 0.04733333333333333
0 0.267125 0.357 0.03625 0.04933333333333333
0 0.27187500000000003 0.7413333333333333 0.04125 0.049999999999999996
0 0.26987500000000003 0.6695 0.03275 0.04433333333333333
0 0.272625 0.443 0.03225 0.042666666666666665
0 0.2785 0.6106666666666667 0.032 0.04466666666666667
0 0.281625 0.5278333333333333 0.03675 0.04833333333333333
0 0.285375 0.3045 0.03425 0.04433333333333333
0 0.28650000000000003 0.40016666666666667 0.0335 0.043666666666666666
0 0.29025 0.8001666666666667 0.0335 0.045
0 0.29575 0.5685 0.035 0.045
0 0.2945 0.6976666666666667 0.0315 0.04466666666666667
0 0.296875 0.48383333333333334 0.035750000000000004 0.043666666666666666
0 0.30325 0.35633333333333334 0.0365 0.04733333333333333
0 0.304375 0.6506666666666666 0.03625 0.04733333333333333
0 0.309375 0.7533333333333333 0.03675 0.046
0 0.3095 0.44166666666666665 0.035500000000000004 0.04466666666666667
0 0.315375 0.605 0.04025 0.048
0 0.316375 0.5246666666666666 0.03475 0.046
0 0.32125 0.39849999999999997 0.036000000000000004 0.04766666666666666
0 0.322 0.31216666666666665 0.035 0.042333333333333334
0 0.33175 0.719 0.0335 0.041999999999999996
0 0.332 0.47783333333333333 0.032 0.043
0 0.334125 0.5641666666666666 0.03325 0.045
0 0.34075 0.3585 0.039 0.050333333333333334
0 0.3395 0.658 0.0315 0.044
0 0.345375 0.43716666666666665 0.03125 0.042333333333333334
0 0.350125 0.5195 0.03225 0.042333333333333334
0 0.35175 0.7548333333333334 0.0315 0.041666666666666664
0 0.35325 0.6013333333333333 0.0325 0.043333333333333335
0 0.357125 0.30633333333333335 0.03475 0.046
0 0.36462500000000003 0.478 0.03625 0.048
0 0.3625 0.3968333333333333 0.0315 0.041
0 0.366 0.7043333333333333 0.036000000000000004 0.042666666666666665
0 0.367375 0.5579999999999999 0.03225 0.04133333333333333
0 0.370125 0.643 0.035250000000000004 0.04733333333333333
0 0.37925000000000003 0.4358333333333333 0.032 0.043
0 0.384875 0.5163333333333333 0.035750000000000004 0.046
0 0.3865 0.5996666666666667 0.036000000000000004 0.04733333333333333
0 0.387375 0.7371666666666666 0.035750000000000004 0.045
0 0.389125 0.3388333333333333 0.035750000000000004 0.048999999999999995
0 0.3925 0.6763333333333333 0.031 0.044
0 0.39625 0.39549999999999996 0.035500000000000004 0.04633333333333333
0 0.4025 0.5569999999999999 0.0315 0.042666666666666665
0 0.40325 0.634 0.0325 0.044
0 0.40525 0.4761666666666666 0.031 0.041666666666666664
0 0.415875 0.43016666666666664 0.03175 0.04033333333333333
0 0.4205 0.5153333333333333 0.0345 0.04733333333333333
0 0.424 0.5933333333333333 0.0365 0.048666666666666664
0 0.42975 0.37516666666666665 0.032 0.043666666666666666
0 0.4345 0.46849999999999997 0.031 0.043666666666666666
0 0.44 0.5496666666666666 0.0325 0.042666666666666665
0 0.443875 0.6898333333333333 0.03325 0.042333333333333334
0 0.44575000000000004 0.6318333333333334 0.0315 0.04566666666666667
0 0.4505 0.42383333333333334 0.034 0.04566666666666667
0 0.45637500000000003 0.5086666666666666 0.03225 0.043333333333333335
0 0.4635 0.5876666666666667 0.0335 0.04533333333333333
0 0.475125 0.45949999999999996 0.03475 0.045
0 0.479375 0.5459999999999999 0.03625 0.04733333333333333
0 0.49112500000000003 0.5023333333333333 0.03275 0.042666666666666665
