0 0.3118333333333333 0.579375 0.050333333333333334 0.03725
0 0.32266666666666666 0.692375 0.05733333333333333 0.04125
0 0.3288333333333333 0.619625 0.051 0.03825
0 0.33766666666666667 0.727875 0.054 0.04075
0 0.33466666666666667 0.548625 0.04466666666666667 0.03375
0 0.3431666666666667 0.657625 0.048999999999999995 0.035250000000000004
0 0.35983333333333334 0.58725 0.048999999999999995 0.0365
0 0.36916666666666664 0.75675 0.059 0.0405
0 0.3715 0.522875 0.04633333333333333 0.03425
0 0.37316666666666665 0.68375 0.04766666666666666 0.036000000000000004
0 0.3778333333333333 0.62125 0.04433333333333333 0.0345
0 0.3893333333333333 0.559125 0.04933333333333333 0.03675
0 0.39316666666666666 0.72 0.04633333333333333 0.035500000000000004
0 0.39666666666666667 0.7887500000000001 0.04733333333333333 0.037
0 0.39699999999999996 0.49475 0.048 0.0345
0 0.40299999999999997 0.654 0.043333333333333335 0.0345
0 0.4096666666666667 0.5935 0.043333333333333335 0.032
0 0.42466666666666664 0.756 0.05333333333333333 0.0425
0 0.42366666666666664 0.531375 0.04933333333333333 0.035750000000000004
0 0.42566666666666664 0.68575 0.04533333333333333 0.035500000000000004
0 0.4305 0.626 0.045 0.034
0 0.4335 0.814625 0.045 0.03425
0 0.4375 0.5650000000000001 0.051666666666666666 0.035500000000000004
0 0.4428333333333333 0.7192500000000001 0.045 0.0345
0 0.4475 0.48612500000000003 0.049666666666666665 0.03675
0 0.4538333333333333 0.65525 0.048999999999999995 0.0375
0 0.45866666666666667 0.5962500000000001 0.04733333333333333 0.035500000000000004
0 0.4713333333333333 0.746625 0.052 0.03975
0 0.4708333333333333 0.5337500000000001 0.041666666666666664 0.0315
0 0.475 0.785 0.04933333333333333 0.04
0 0.479 0.69425 0.050666666666666665 0.0395
0 0.47983333333333333 0.82325 0.048999999999999995 0.0385
0 0.4805 0.627125 0.04433333333333333 0.03325
0 0.48683333333333334 0.56575 0.043666666666666666 0.033
0 0.496 0.507125 0.04533333333333333 0.03225
0 0.5028333333333334 0.661125 0.048999999999999995 0.03625
0 0.5048333333333334 0.596625 0.050333333333333334 0.03275
0 0.5016666666666667 0.726375 0.03266666666666666 0.02775
0 0.5101666666666667 0.47275 0.045 0.0345
0 0.5126666666666666 0.539625 0.044 0.03325
0 0.5158333333333334 0.7661250000000001 0.04433333333333333 0.035750000000000004
0 0.5216666666666666 0.702125 0.043333333333333335 0.03675
0 0.5283333333333333 0.6325000000000001 0.048666666666666664 0.035
0 0.534 0.802875 0.05333333333333333 0.04025
0 0.5371666666666667 0.5720000000000001 0.048999999999999995 0.0365
0 0.5403333333333333 0.50875 0.04 0.032
0 0.5459999999999999 0.669375 0.043333333333333335 0.03375
0 0.5516666666666666 0.73875 0.046 0.036000000000000004
0 0.5543333333333333 0.603625 0.04533333333333333 0.03075
0 0.5599999999999999 0.7735 0.051333333333333335 0.039
0 0.5648333333333333 0.70325 0.04433333333333333 0.0345
0 0.5663333333333334 0.479125 0.04666666666666666 0.035250000000000004
0 0.57 0.54 0.04466666666666667 0.0335
0 0.5751666666666666 0.63725 0.04433333333333333 0.034
0 0.5798333333333333 0.574375 0.04833333333333333 0.035750000000000004
0 0.584 0.809875 0.04466666666666667 0.03625
0 0.5901666666666666 0.67325 0.049666666666666665 0.04
0 0.5866666666666667 0.511375 0.042666666666666665 0.03075
0 0.5996666666666667 0.61 0.04466666666666667 0.033
0 0.6018333333333333 0.738375 0.04566666666666667 0.035750000000000004
0 0.609 0.77275 0.050666666666666665 0.0395
0 0.61 0.546625 0.04733333333333333 0.03625
0 0.6146666666666667 0.47675 0.04666666666666666 0.035
0 0.6173333333333333 0.7025 0.050666666666666665 0.0375
0 0.6216666666666667 0.6415 0.04533333333333333 0.033
0 0.6268333333333334 0.8075 0.047 0.036000000000000004
0 0.6278333333333334 0.58175 0.043 0.033
0 0.6386666666666666 0.51575 0.044 0.033
0 0.645 0.6145 0.046 0.035
0 0.645 0.736125 0.044 0.035250000000000004
0 0.6533333333333333 0.680625 0.046 0.03475
0 0.6601666666666667 0.77525 0.051666666666666666 0.0425
0 0.6555 0.550125 0.041666666666666664 0.03375
0 0.6601666666666667 0.48762500000000003 0.043 0.03375
0 0.6663333333333333 0.65025 0.048666666666666664 0.037
0 0.6751666666666667 0.58325 0.048999999999999995 0.0365
0 0.6819999999999999 0.81375 0.04666666666666666 0.033
0 0.6881666666666666 0.517 0.04766666666666666 0.037
0 0.6908333333333333 0.619625 0.04433333333333333 0.03275
0 0.694 0.71775 0.043333333333333335 0.032
0 0.7028333333333333 0.753 0.048999999999999995 0.0375
0 0.7055 0.550625 0.051 0.03725
0 0.71 0.68375 0.048 0.038
0 0.7193333333333333 0.7907500000000001 0.051333333333333335 0.039
0 0.7163333333333333 0.649375 0.04066666666666666 0.03275
0 0.7241666666666666 0.585375 0.04566666666666667 0.03275
0 0.7388333333333333 0.720875 0.047 0.03625
0 0.7543333333333333 0.683625 0.05333333333333333 0.04175
0 0.7705 0.61775 0.043666666666666666 0.034
