0 0.151875 0.5136666666666666 0.03775 0.048
0 0.1605 0.723 0.034 0.04466666666666667
0 0.163125 0.469 0.03325 0.043333333333333335
0 0.1655 0.623 0.032 0.046
0 0.168375 0.6678333333333333 0.035750000000000004 0.04633333333333333
0 0.172125 0.5695 0.03925 0.05233333333333333
0 0.183875 0.7595 0.03775 0.051
0 0.18875 0.43016666666666664 0.036000000000000004 0.047
0 0.194125 0.5096666666666666 0.03975 0.04933333333333333
0 0.203 0.7018333333333333 0.043000000000000003 0.05566666666666666
0 0.203625 0.597 0.03925 0.05333333333333333
0 0.20400000000000001 0.6486666666666666 0.038 0.056
0 0.212625 0.5491666666666667 0.03475 0.041666666666666664
0 0.221 0.45716666666666667 0.039 0.050333333333333334
0 0.22237500000000002 0.743 0.04125 0.04933333333333333
0 0.22187500000000002 0.39916666666666667 0.03975 0.05233333333333333
0 0.233375 0.5043333333333333 0.03875 0.05266666666666667
0 0.238875 0.5876666666666667 0.03325 0.04733333333333333
0 0.239625 0.6376666666666666 0.03275 0.046
0 0.24325 0.6849999999999999 0.0345 0.04533333333333333
0 0.2515 0.36633333333333334 0.0375 0.054
0 0.256 0.7808333333333333 0.035500000000000004 0.04766666666666666
0 0.253625 0.533 0.02675 0.033999999999999996
0 0.2595 0.42333333333333334 0.034 0.04466666666666667
0 0.260125 0.4745 0.03425 0.043
0 0.261 0.7376666666666667 0.03 0.043333333333333335
0 0.27725 0.6543333333333333 0.038 0.05333333333333333
0 0.276125 0.6008333333333333 0.035250000000000004 0.04633333333333333
0 0.278875 0.5569999999999999 0.03625 0.046
0 0.28500000000000003 0.5126666666666666 0.041 0.05266666666666667
0 0.289625 0.35083333333333333 0.03925 0.056999999999999995
0 0.2945 0.7986666666666666 0.039 0.048666666666666664
0 0.29525 0.7538333333333334 0.036000000000000004 0.04833333333333333
0 0.29525 0.45699999999999996 0.034 0.04466666666666667
0 0.296375 0.4033333333333333 0.03425 0.046
0 0.297375 0.694 0.03225 0.044
0 0.307 0.6283333333333333 0.039 0.050666666666666665
0 0.31075 0.5825 0.035 0.04633333333333333
0 0.3205 0.5361666666666667 0.0375 0.048999999999999995
0 0.32475 0.36966666666666664 0.034 0.04666666666666666
0 0.32675 0.484 0.037 0.051333333333333335
0 0.327625 0.4325 0.035750000000000004 0.04566666666666667
0 0.33137500000000003 0.7055 0.03675 0.050333333333333334
0 0.332 0.7558333333333334 0.033 0.04433333333333333
0 0.339375 0.6585 0.03275 0.04766666666666666
0 0.344375 0.611 0.035250000000000004 0.048
0 0.35025 0.5631666666666666 0.038 0.051
0 0.354625 0.5131666666666667 0.03275 0.04633333333333333
0 0.357625 0.46149999999999997 0.03225 0.04433333333333333
0 0.3615 0.7318333333333333 0.0335 0.04766666666666666
0 0.36225 0.4075 0.033 0.04433333333333333
0 0.36562500000000003 0.35616666666666663 0.035750000000000004 0.049666666666666665
0 0.36462500000000003 0.8116666666666666 0.03325 0.04466666666666667
0 0.36712500000000003 0.6861666666666666 0.035250000000000004 0.05366666666666667
0 0.37275 0.6356666666666666 0.0335 0.04733333333333333
0 0.37925000000000003 0.5871666666666666 0.0325 0.04433333333333333
0 0.386875 0.5381666666666667 0.03325 0.04766666666666666
0 0.388375 0.4895 0.03375 0.04833333333333333
0 0.390375 0.4388333333333333 0.03225 0.04633333333333333
0 0.399125 0.7146666666666667 0.04025 0.051333333333333335
0 0.39725 0.3868333333333333 0.0365 0.049666666666666665
0 0.397 0.7653333333333333 0.0335 0.04666666666666666
0 0.4005 0.6663333333333333 0.038 0.048
0 0.40525 0.33716666666666667 0.039 0.053
0 0.409125 0.618 0.03875 0.048666666666666664
0 0.41225 0.5688333333333333 0.0365 0.050333333333333334
0 0.4185 0.5163333333333333 0.035 0.04733333333333333
0 0.41975 0.4683333333333333 0.036000000000000004 0.049999999999999996
0 0.42625 0.41866666666666663 0.037 0.049999999999999996
0 0.432625 0.745 0.035750000000000004 0.04933333333333333
0 0.43375 0.6945 0.033 0.047
0 0.438125 0.648 0.03425 0.04466666666666667
0 0.43925000000000003 0.36216666666666664 0.0335 0.04566666666666667
0 0.445125 0.6043333333333333 0.03425 0.04466666666666667
0 0.445 0.5459999999999999 0.032 0.044
0 0.452875 0.5006666666666667 0.03325 0.043333333333333335
0 0.45475 0.45399999999999996 0.0365 0.052
0 0.46425 0.40099999999999997 0.0365 0.048666666666666664
0 0.46775 0.7266666666666667 0.0365 0.048666666666666664
0 0.4685 0.6751666666666667 0.034 0.047
0 0.47350000000000003 0.621 0.0325 0.04466666666666667
0 0.47825 0.5731666666666666 0.0335 0.043666666666666666
0 0.48025 0.5283333333333333 0.035500000000000004 0.048
0 0.4935 0.426 0.035500000000000004 0.048666666666666664
0 0.499375 0.6991666666666666 0.03625 0.04433333333333333
0 0.502875 0.4785 0.03725 0.05233333333333333
0 0.5095000000000001 0.6513333333333333 0.038 0.050666666666666665
0 0.508375 0.6023333333333333 0.035250000000000004 0.04933333333333333
0 0.51575 0.5423333333333333 0.035 0.04666666666666666
