0 0.2861666666666667 0.5885 0.050333333333333334 0.038
0 0.3075 0.618 0.04566666666666667 0.034
0 0.3075 0.541125 0.043 0.03425
0 0.327 0.50875 0.046 0.0345
0 0.33299999999999996 0.5760000000000001 0.048666666666666664 0.038
0 0.3338333333333333 0.467 0.04633333333333333 0.0375
0 0.3393333333333333 0.64975 0.046 0.039
0 0.35633333333333334 0.54125 0.041999999999999996 0.0345
0 0.36216666666666664 0.6032500000000001 0.04766666666666666 0.0385
0 0.3743333333333333 0.43725 0.041999999999999996 0.035
0 0.3788333333333333 0.6845 0.050333333333333334 0.036000000000000004
0 0.3783333333333333 0.509875 0.04733333333333333 0.03475
0 0.3885 0.63875 0.050333333333333334 0.04
0 0.391 0.472875 0.04733333333333333 0.03675
0 0.39499999999999996 0.566875 0.041999999999999996 0.03275
0 0.4116666666666666 0.534125 0.048 0.03475
0 0.42283333333333334 0.441125 0.051 0.03875
0 0.42916666666666664 0.404 0.050333333333333334 0.0385
0 0.42733333333333334 0.66025 0.04533333333333333 0.0365
0 0.42983333333333335 0.608375 0.04833333333333333 0.03725
0 0.433 0.502125 0.04733333333333333 0.03125
0 0.45399999999999996 0.57275 0.052 0.0395
0 0.45766666666666667 0.467 0.04666666666666666 0.035
0 0.4588333333333333 0.529875 0.041666666666666664 0.03275
0 0.46416666666666667 0.63925 0.04566666666666667 0.034
0 0.4731666666666666 0.431 0.04633333333333333 0.034
0 0.4756666666666666 0.7095 0.04466666666666667 0.0365
0 0.48316666666666663 0.39687500000000003 0.04833333333333333 0.03475
0 0.48583333333333334 0.501375 0.041666666666666664 0.03325
0 0.4978333333333333 0.668875 0.055 0.03825
0 0.4958333333333333 0.6115 0.050333333333333334 0.0375
0 0.5065 0.4595 0.04766666666666666 0.035500000000000004
0 0.5133333333333333 0.57275 0.04933333333333333 0.0365
0 0.518 0.4235 0.044 0.0315
0 0.5236666666666666 0.5305 0.042666666666666665 0.034
0 0.533 0.488875 0.043333333333333335 0.03425
0 0.533 0.639875 0.041999999999999996 0.03425
0 0.5351666666666667 0.390625 0.043 0.03375
0 0.5439999999999999 0.602875 0.04066666666666666 0.03375
0 0.5589999999999999 0.675875 0.048666666666666664 0.03775
0 0.5615 0.5595 0.04833333333333333 0.036000000000000004
0 0.5595 0.45837500000000003 0.042333333333333334 0.03225
0 0.5678333333333333 0.711125 0.05233333333333333 0.03925
0 0.5663333333333334 0.42312500000000003 0.043333333333333335 0.03225
0 0.5726666666666667 0.5225 0.046 0.037
0 0.5788333333333333 0.63025 0.05233333333333333 0.04
0 0.5845 0.385125 0.04433333333333333 0.03225
0 0.5976666666666667 0.4845 0.050666666666666665 0.0375
0 0.6028333333333333 0.58875 0.051666666666666666 0.038
0 0.6064999999999999 0.6833750000000001 0.04833333333333333 0.03675
0 0.6106666666666667 0.4475 0.050666666666666665 0.037
0 0.6131666666666666 0.41100000000000003 0.048999999999999995 0.0345
0 0.6214999999999999 0.5525 0.04833333333333333 0.0385
0 0.6288333333333334 0.51575 0.04433333333333333 0.034
0 0.6366666666666666 0.621625 0.050666666666666665 0.03875
0 0.6398333333333334 0.375125 0.04433333333333333 0.03425
0 0.6423333333333333 0.657125 0.042666666666666665 0.03375
0 0.6475 0.46925 0.04433333333333333 0.035
0 0.66 0.433 0.043333333333333335 0.034
0 0.6646666666666666 0.5760000000000001 0.051333333333333335 0.04
0 0.6715 0.538875 0.043 0.03625
0 0.6783333333333333 0.398125 0.049999999999999996 0.03725
0 0.6819999999999999 0.684125 0.050666666666666665 0.03675
0 0.6886666666666666 0.616625 0.050666666666666665 0.03975
0 0.6861666666666666 0.50175 0.04033333333333333 0.031
0 0.7085 0.46575 0.047 0.038
0 0.7226666666666667 0.422 0.048666666666666664 0.038
0 0.721 0.577875 0.04466666666666667 0.03425
0 0.7308333333333333 0.639625 0.053 0.03975
0 0.733 0.5357500000000001 0.054 0.0395
0 0.7428333333333333 0.500875 0.04833333333333333 0.03975
0 0.7653333333333333 0.4595 0.048666666666666664 0.035
0 0.7715 0.56975 0.050333333333333334 0.04
0 0.7923333333333333 0.52975 0.046 0.0345
0 0.8121666666666666 0.495875 0.049666666666666665 0.03375
