0 0.199 0.5543333333333333 0.0385 0.048666666666666664
0 0.20625000000000002 0.6054999999999999 0.0445 0.05366666666666667
0 0.233 0.5075 0.038 0.048999999999999995
0 0.25125000000000003 0.5638333333333333 0.0505 0.05233333333333333
0 0.247 0.4658333333333333 0.036000000000000004 0.04833333333333333
0 0.251875 0.6141666666666666 0.04225 0.05633333333333333
0 0.27075 0.5158333333333334 0.04 0.05433333333333333
0 0.27 0.6726666666666666 0.035500000000000004 0.046
0 0.27425 0.41866666666666663 0.0415 0.05466666666666666
0 0.2765 0.359 0.0365 0.050666666666666665
0 0.29125 0.4668333333333333 0.0415 0.05433333333333333
0 0.291625 0.6308333333333334 0.03625 0.04633333333333333
0 0.2945 0.5715 0.0365 0.04766666666666666
0 0.297375 0.7128333333333333 0.04025 0.053
0 0.3065 0.3208333333333333 0.036000000000000004 0.050333333333333334
0 0.308 0.5271666666666667 0.036000000000000004 0.04833333333333333
0 0.315625 0.3788333333333333 0.03975 0.053
0 0.31675000000000003 0.6695 0.04 0.048999999999999995
0 0.3185 0.42883333333333334 0.0385 0.049666666666666665
0 0.327875 0.4785 0.03625 0.049666666666666665
0 0.33487500000000003 0.5656666666666667 0.04075 0.054
0 0.342875 0.6126666666666667 0.035750000000000004 0.048666666666666664
0 0.34500000000000003 0.3025 0.035500000000000004 0.051
0 0.348625 0.6945 0.035250000000000004 0.04566666666666667
0 0.356375 0.39999999999999997 0.04025 0.05266666666666667
0 0.3555 0.5148333333333334 0.035 0.04633333333333333
0 0.355 0.7646666666666666 0.034 0.044
0 0.35925 0.348 0.0415 0.052
0 0.3625 0.43766666666666665 0.034 0.03933333333333333
0 0.36612500000000003 0.6476666666666666 0.03975 0.049999999999999996
0 0.3755 0.5606666666666666 0.04 0.05333333333333333
0 0.375 0.4765 0.035500000000000004 0.049666666666666665
0 0.385625 0.29766666666666663 0.04125 0.056
0 0.387625 0.6881666666666666 0.03475 0.04566666666666667
0 0.39137500000000003 0.3898333333333333 0.03375 0.04566666666666667
0 0.3925 0.608 0.035500000000000004 0.04666666666666666
0 0.39825 0.4413333333333333 0.046 0.05466666666666666
0 0.3965 0.52 0.038 0.04666666666666666
0 0.406 0.742 0.035500000000000004 0.044
0 0.406375 0.6501666666666667 0.03475 0.04766666666666666
0 0.409125 0.3445 0.035250000000000004 0.047
0 0.415875 0.5683333333333334 0.03425 0.044
0 0.42125 0.4845 0.0385 0.04833333333333333
0 0.42512500000000003 0.2871666666666667 0.03925 0.05366666666666667
0 0.42712500000000003 0.697 0.03975 0.05333333333333333
0 0.42825 0.39599999999999996 0.0365 0.048
0 0.431 0.608 0.0345 0.043333333333333335
0 0.4345 0.5273333333333333 0.0395 0.050666666666666665
0 0.443125 0.744 0.03675 0.048
0 0.44575000000000004 0.4413333333333333 0.038 0.049999999999999996
0 0.445125 0.6523333333333333 0.035750000000000004 0.04533333333333333
0 0.449375 0.3485 0.035750000000000004 0.04633333333333333
0 0.45375 0.5678333333333333 0.034 0.043
0 0.4595 0.48683333333333334 0.034 0.047
0 0.465875 0.29916666666666664 0.04175 0.05633333333333333
0 0.466125 0.39599999999999996 0.035250000000000004 0.048
0 0.464125 0.6955 0.03125 0.04033333333333333
0 0.468875 0.6114999999999999 0.03625 0.050333333333333334
0 0.47975 0.746 0.0365 0.048666666666666664
0 0.479125 0.5283333333333333 0.03375 0.048
0 0.482875 0.6565 0.035250000000000004 0.04766666666666666
0 0.4825 0.44 0.033 0.043333333333333335
0 0.486 0.33666666666666667 0.0345 0.04733333333333333
0 0.48962500000000003 0.571 0.035250000000000004 0.048
0 0.496625 0.4855 0.035250000000000004 0.04833333333333333
0 0.50325 0.7011666666666666 0.033 0.043666666666666666
0 0.505625 0.39566666666666667 0.03225 0.046
0 0.506375 0.6226666666666666 0.03125 0.042666666666666665
0 0.513875 0.5276666666666666 0.035250000000000004 0.046
0 0.51725 0.4398333333333333 0.032 0.043666666666666666
0 0.51775 0.7401666666666666 0.032 0.041
0 0.52275 0.352 0.0365 0.048
0 0.526375 0.6553333333333333 0.03325 0.044
0 0.5275 0.57 0.032 0.043333333333333335
0 0.532875 0.486 0.035750000000000004 0.051333333333333335
0 0.540375 0.39916666666666667 0.03625 0.05233333333333333
0 0.546625 0.7023333333333334 0.035750000000000004 0.04933333333333333
0 0.544375 0.6153333333333333 0.03125 0.044
0 0.550125 0.533 0.03425 0.042666666666666665
0 0.556 0.4455 0.036000000000000004 0.048999999999999995
0 0.559125 0.5746666666666667 0.035750000000000004 0.04533333333333333
0 0.560375 0.6543333333333333 0.035750000000000004 0.048
0 0.566125 0.36133333333333334 0.03675 0.048666666666666664
0 0.568125 0.49416666666666664 0.03675 0.048999999999999995
0 0.5845 0.4031666666666667 0.0325 0.045
0 0.590375 0.6106666666666667 0.03275 0.043333333333333335
0 0.5935 0.4505 0.0325 0.04833333333333333
0 0.599375 0.5439999999999999 0.035750000000000004 0.048
0 0.607625 0.49166666666666664 0.03475 0.046
