0 0.089 0.482 0.039 0.054
0 0.105875 0.6251666666666666 0.04625 0.051
0 0.10675 0.531 0.0395 0.050666666666666665
0 0.10375000000000001 0.438 0.032 0.04533333333333333
0 0.122625 0.6689999999999999 0.03875 0.050666666666666665
0 0.120375 0.5803333333333334 0.03375 0.04666666666666666
0 0.12925 0.48683333333333334 0.041 0.049666666666666665
0 0.1305 0.40349999999999997 0.036000000000000004 0.04766666666666666
0 0.147125 0.36316666666666664 0.03725 0.04633333333333333
0 0.146125 0.5288333333333333 0.03425 0.04633333333333333
0 0.149 0.44866666666666666 0.0385 0.04933333333333333
0 0.14675 0.6111666666666666 0.034 0.04633333333333333
0 0.151125 0.7018333333333333 0.03975 0.05433333333333333
0 0.166375 0.6533333333333333 0.03125 0.04666666666666666
0 0.169 0.49083333333333334 0.0335 0.042333333333333334
0 0.16975 0.571 0.034 0.04466666666666667
0 0.17225000000000001 0.4066666666666667 0.037 0.046
0 0.17375000000000002 0.7423333333333333 0.0345 0.04666666666666666
0 0.1885 0.3476666666666667 0.038 0.048
0 0.18787500000000001 0.45066666666666666 0.035250000000000004 0.043333333333333335
0 0.18875 0.5298333333333333 0.034 0.045
0 0.19075 0.606 0.036000000000000004 0.042666666666666665
0 0.195625 0.6976666666666667 0.03775 0.051333333333333335
0 0.205625 0.6476666666666666 0.03375 0.044
0 0.20825 0.5668333333333333 0.037 0.04766666666666666
0 0.209375 0.48816666666666664 0.03625 0.045
0 0.209 0.7648333333333333 0.035 0.04766666666666666
0 0.208875 0.408 0.03175 0.04
0 0.224875 0.45 0.03925 0.04133333333333333
0 0.2285 0.5261666666666667 0.0335 0.043666666666666666
0 0.229875 0.3715 0.03625 0.045
0 0.232125 0.6114999999999999 0.03775 0.048999999999999995
0 0.23175 0.6761666666666667 0.0365 0.048999999999999995
0 0.23525000000000001 0.32866666666666666 0.035500000000000004 0.046
0 0.23975000000000002 0.7246666666666667 0.034 0.048666666666666664
0 0.2445 0.415 0.032 0.044
0 0.246375 0.569 0.035750000000000004 0.04533333333333333
0 0.24475 0.7731666666666667 0.032 0.042333333333333334
0 0.24525 0.486 0.031 0.04466666666666667
0 0.250375 0.6496666666666666 0.02875 0.03666666666666667
0 0.265 0.5288333333333333 0.037 0.04566666666666667
0 0.265375 0.45066666666666666 0.03625 0.046
0 0.263625 0.371 0.03125 0.04
0 0.264125 0.6133333333333333 0.03125 0.046
0 0.26575 0.6935 0.034 0.045
0 0.277625 0.33066666666666666 0.03475 0.04533333333333333
0 0.281 0.572 0.034 0.042666666666666665
0 0.281125 0.49033333333333334 0.03375 0.041999999999999996
0 0.28350000000000003 0.7423333333333333 0.037 0.046
0 0.28625 0.4078333333333333 0.0315 0.041666666666666664
0 0.292375 0.659 0.03375 0.044
0 0.296 0.37216666666666665 0.0315 0.041
0 0.298875 0.44966666666666666 0.035250000000000004 0.04666666666666666
0 0.29825 0.6148333333333333 0.0315 0.043666666666666666
0 0.30212500000000003 0.7001666666666666 0.03675 0.047
0 0.30162500000000003 0.5308333333333333 0.03225 0.043
0 0.3145 0.32466666666666666 0.0335 0.046
0 0.315625 0.5731666666666666 0.03375 0.04633333333333333
0 0.31575000000000003 0.4935 0.0305 0.041666666666666664
0 0.318375 0.413 0.03225 0.043333333333333335
0 0.322125 0.7403333333333333 0.03125 0.04066666666666666
0 0.32987500000000003 0.6543333333333333 0.03375 0.042666666666666665
0 0.332625 0.45599999999999996 0.03325 0.043333333333333335
0 0.333 0.533 0.031 0.043333333333333335
0 0.33437500000000003 0.3735 0.03025 0.03966666666666666
0 0.336875 0.6074999999999999 0.03425 0.04566666666666667
0 0.337875 0.6935 0.03425 0.04633333333333333
0 0.352625 0.733 0.03375 0.04466666666666667
0 0.351375 0.414 0.03125 0.042666666666666665
0 0.352 0.4958333333333333 0.0315 0.042333333333333334
0 0.3535 0.3378333333333333 0.029 0.041666666666666664
0 0.36012500000000003 0.5768333333333333 0.03275 0.042333333333333334
0 0.36025 0.6423333333333333 0.031 0.04066666666666666
0 0.3685 0.5356666666666666 0.033 0.04533333333333333
0 0.368625 0.45249999999999996 0.03325 0.04633333333333333
0 0.37175 0.6876666666666666 0.035500000000000004 0.048666666666666664
0 0.37575000000000003 0.372 0.0325 0.044
0 0.38175000000000003 0.4963333333333333 0.031 0.04133333333333333
0 0.39075 0.4131666666666666 0.035 0.047
0 0.3945 0.6168333333333333 0.031 0.043666666666666666
0 0.39575 0.7344999999999999 0.0315 0.043666666666666666
0 0.4045 0.6596666666666666 0.035 0.048
0 0.402875 0.5315 0.03125 0.041
0 0.406375 0.4553333333333333 0.03075 0.04066666666666666
0 0.40725 0.5731666666666666 0.032 0.042333333333333334
0 0.422875 0.7038333333333333 0.03475 0.047
0 0.42862500000000003 0.62 0.029750000000000002 0.03866666666666667
0 0.4385 0.5611666666666667 0.033 0.04433333333333333
0 0.440375 0.49116666666666664 0.029750000000000002 0.04033333333333333
