0 0.14725 0.5521666666666667 0.0395 0.049666666666666665
0 0.15 0.5986666666666667 0.045 0.052
0 0.148125 0.6508333333333333 0.035250000000000004 0.047
0 0.157 0.5058333333333334 0.0425 0.055
0 0.15975 0.6928333333333333 0.0385 0.04633333333333333
0 0.184375 0.6341666666666667 0.03775 0.04833333333333333
0 0.18275 0.7304999999999999 0.0325 0.045
0 0.1855 0.5756666666666667 0.032 0.04466666666666667
0 0.19025 0.483 0.037 0.04466666666666667
0 0.19375 0.5271666666666667 0.034 0.04566666666666667
0 0.20350000000000001 0.4368333333333333 0.0365 0.049666666666666665
0 0.202875 0.6871666666666666 0.03475 0.04766666666666666
0 0.2135 0.38716666666666666 0.036000000000000004 0.04633333333333333
0 0.2185 0.6001666666666666 0.035 0.043666666666666666
0 0.2205 0.6428333333333333 0.0375 0.04766666666666666
0 0.225875 0.7366666666666667 0.03725 0.050666666666666665
0 0.225875 0.5575 0.03225 0.043
0 0.228125 0.5136666666666666 0.03275 0.044
0 0.231375 0.4658333333333333 0.03175 0.043
0 0.236875 0.6851666666666666 0.03675 0.04433333333333333
0 0.239625 0.42116666666666663 0.03325 0.04633333333333333
0 0.24425 0.36816666666666664 0.0325 0.04566666666666667
0 0.25325000000000003 0.5938333333333333 0.038 0.049666666666666665
0 0.250625 0.6376666666666666 0.02225 0.04133333333333333
0 0.255375 0.77 0.03125 0.041999999999999996
0 0.25975 0.7195 0.038 0.04766666666666666
0 0.258 0.5408333333333333 0.0345 0.04433333333333333
0 0.2605 0.4983333333333333 0.031 0.04133333333333333
0 0.266 0.45399999999999996 0.0315 0.042666666666666665
0 0.272 0.4103333333333333 0.035500000000000004 0.04533333333333333
0 0.27225 0.6805 0.0325 0.043666666666666666
0 0.2745 0.6251666666666666 0.034 0.03833333333333333
0 0.279875 0.36266666666666664 0.03275 0.04066666666666666
0 0.281875 0.7886666666666666 0.03225 0.041999999999999996
0 0.285125 0.5726666666666667 0.03325 0.043333333333333335
0 0.290125 0.744 0.03475 0.04733333333333333
0 0.29 0.5271666666666667 0.0325 0.043666666666666666
0 0.294 0.48433333333333334 0.034 0.04466666666666667
0 0.297 0.4405 0.034 0.043
0 0.299375 0.6501666666666667 0.03075 0.042333333333333334
0 0.30325 0.7048333333333333 0.0325 0.041666666666666664
0 0.307625 0.39866666666666667 0.03375 0.044
0 0.307625 0.6043333333333333 0.03275 0.041999999999999996
0 0.309875 0.34833333333333333 0.03425 0.044
0 0.314625 0.8246666666666667 0.03125 0.04
0 0.317625 0.7693333333333333 0.03475 0.049999999999999996
0 0.317125 0.5585 0.03225 0.04433333333333333
0 0.322 0.5085 0.031 0.043
0 0.326375 0.46849999999999997 0.03225 0.043
0 0.3315 0.632 0.034 0.04733333333333333
0 0.33187500000000003 0.6761666666666667 0.03475 0.04566666666666667
0 0.33137500000000003 0.7221666666666666 0.03325 0.042333333333333334
0 0.33337500000000003 0.426 0.02925 0.04
0 0.342125 0.5871666666666666 0.03025 0.041
0 0.34550000000000003 0.36766666666666664 0.0345 0.046
0 0.348875 0.8205 0.03675 0.047
0 0.34600000000000003 0.5413333333333333 0.0305 0.04066666666666666
0 0.354875 0.7731666666666667 0.03725 0.04766666666666666
0 0.353625 0.5001666666666666 0.03425 0.04633333333333333
0 0.35575 0.45799999999999996 0.03 0.04
0 0.36425 0.414 0.032 0.042666666666666665
0 0.36575 0.6709999999999999 0.031 0.04066666666666666
0 0.365 0.6143333333333333 0.029500000000000002 0.04133333333333333
0 0.3695 0.7308333333333333 0.032 0.043666666666666666
0 0.369625 0.571 0.03175 0.04133333333333333
0 0.378625 0.5251666666666667 0.03225 0.043666666666666666
0 0.38975 0.646 0.0335 0.04466666666666667
0 0.3885 0.44 0.031 0.04
0 0.38825 0.48633333333333334 0.0305 0.04066666666666666
0 0.39237500000000003 0.76 0.035250000000000004 0.041999999999999996
0 0.390375 0.3873333333333333 0.03075 0.043333333333333335
0 0.395 0.6006666666666667 0.0315 0.04466666666666667
0 0.39937500000000004 0.7101666666666666 0.03225 0.04433333333333333
0 0.40175 0.5579999999999999 0.0305 0.04066666666666666
0 0.408625 0.5136666666666666 0.03175 0.04466666666666667
0 0.41300000000000003 0.46749999999999997 0.029500000000000002 0.042333333333333334
0 0.416625 0.6693333333333333 0.03125 0.04
0 0.41775 0.42366666666666664 0.0325 0.04533333333333333
0 0.41775 0.6258333333333334 0.0285 0.04033333333333333
0 0.4275 0.582 0.0345 0.04666666666666666
0 0.42862500000000003 0.721 0.035750000000000004 0.046
0 0.433375 0.5403333333333333 0.02925 0.03933333333333333
0 0.44 0.4975 0.031 0.043666666666666666
0 0.446625 0.44666666666666666 0.03375 0.04466666666666667
0 0.455625 0.6131666666666666 0.03025 0.042333333333333334
0 0.46225 0.5685 0.032 0.045
0 0.46187500000000004 0.6688333333333333 0.03025 0.037
0 0.46925 0.5266666666666666 0.0315 0.04466666666666667
0 0.470125 0.48516666666666663 0.03025 0.041
