0 0.133625 0.4593333333333333 0.03275 0.042666666666666665
0 0.151875 0.5388333333333333 0.03725 0.04633333333333333
0 0.15725 0.4043333333333333 0.0315 0.03733333333333333
0 0.165625 0.5871666666666666 0.03475 0.049666666666666665
0 0.176 0.4983333333333333 0.034 0.04466666666666667
0 0.183375 0.6293333333333333 0.03275 0.04533333333333333
0 0.1885 0.45499999999999996 0.032 0.043333333333333335
0 0.19062500000000002 0.5376666666666666 0.03225 0.03933333333333333
0 0.20425000000000001 0.593 0.0325 0.03866666666666667
0 0.20325000000000001 0.4063333333333333 0.0305 0.04
0 0.206875 0.6653333333333333 0.03475 0.04466666666666667
0 0.216 0.4965 0.03 0.041666666666666664
0 0.22312500000000002 0.4515 0.035250000000000004 0.043666666666666666
0 0.23025 0.5449999999999999 0.0325 0.04533333333333333
0 0.231 0.3815 0.0315 0.04433333333333333
0 0.239625 0.6455 0.03175 0.037
0 0.25275000000000003 0.5008333333333334 0.029500000000000002 0.03766666666666667
0 0.259 0.721 0.031 0.04
0 0.260625 0.5908333333333333 0.03175 0.03966666666666666
0 0.26125 0.43116666666666664 0.0315 0.043666666666666666
0 0.26637500000000003 0.5351666666666667 0.03225 0.039
0 0.2705 0.6698333333333333 0.029500000000000002 0.042333333333333334
0 0.28075 0.3855 0.0285 0.042333333333333334
0 0.2885 0.6366666666666666 0.029500000000000002 0.035333333333333335
0 0.290125 0.7136666666666667 0.03025 0.03733333333333333
0 0.2915 0.47483333333333333 0.0325 0.043666666666666666
0 0.29762500000000003 0.5266666666666666 0.02875 0.04066666666666666
0 0.302875 0.5891666666666666 0.03375 0.041
0 0.30225 0.6648333333333333 0.0305 0.03966666666666666
0 0.309875 0.42766666666666664 0.03125 0.042666666666666665
0 0.323 0.478 0.0285 0.03733333333333333
0 0.328625 0.5621666666666667 0.03275 0.043
0 0.331125 0.6378333333333334 0.02925 0.03766666666666667
0 0.336875 0.717 0.029750000000000002 0.041999999999999996
0 0.34 0.6736666666666666 0.0325 0.04066666666666666
0 0.3415 0.4468333333333333 0.0335 0.04033333333333333
0 0.344875 0.5991666666666666 0.03275 0.04566666666666667
0 0.34500000000000003 0.5273333333333333 0.031 0.042666666666666665
0 0.355 0.48033333333333333 0.028 0.04
0 0.365875 0.5668333333333333 0.02875 0.037
0 0.3685 0.6398333333333334 0.0315 0.041
0 0.3685 0.7283333333333333 0.0305 0.036
0 0.376125 0.5195 0.02925 0.03833333333333333
0 0.380875 0.4638333333333333 0.02825 0.03833333333333333
0 0.389875 0.6101666666666666 0.03125 0.04033333333333333
0 0.397 0.498 0.0265 0.04066666666666666
0 0.406375 0.5746666666666667 0.03225 0.041999999999999996
0 0.417375 0.5393333333333333 0.03075 0.038
