0 0.133625 0.5116666666666666 0.03925 0.04933333333333333
0 0.16625 0.593 0.043500000000000004 0.050666666666666665
0 0.172625 0.437 0.051750000000000004 0.06
0 0.1825 0.6908333333333333 0.0485 0.058333333333333334
0 0.182875 0.7575 0.03675 0.04633333333333333
0 0.18875 0.37133333333333335 0.0455 0.05933333333333333
0 0.198 0.5548333333333333 0.041 0.04833333333333333
0 0.207625 0.49266666666666664 0.03675 0.048666666666666664
0 0.22337500000000002 0.4066666666666667 0.03975 0.056
0 0.2275 0.3383333333333333 0.043000000000000003 0.05733333333333333
0 0.23375 0.6038333333333333 0.043500000000000004 0.051666666666666666
0 0.2435 0.6725 0.044 0.05366666666666667
0 0.24175 0.5611666666666667 0.039 0.050333333333333334
0 0.253875 0.9621666666666666 0.03475 0.03833333333333333
0 0.264875 0.47883333333333333 0.03875 0.050333333333333334
0 0.27025 0.3138333333333333 0.043000000000000003 0.055
0 0.273 0.3728333333333333 0.0365 0.050333333333333334
0 0.275875 0.632 0.03675 0.04933333333333333
0 0.291875 0.6908333333333333 0.04425 0.05233333333333333
0 0.296625 0.5506666666666666 0.04775 0.06066666666666667
0 0.30362500000000003 0.24316666666666667 0.03975 0.05566666666666666
0 0.30775 0.43033333333333335 0.043500000000000004 0.056
0 0.312875 0.3423333333333333 0.04175 0.056
0 0.325 0.6053333333333333 0.04 0.056
0 0.3335 0.6783333333333333 0.042 0.05266666666666667
0 0.33237500000000003 0.47966666666666663 0.03725 0.04933333333333333
0 0.34975 0.5621666666666667 0.043500000000000004 0.057666666666666665
0 0.347125 0.40066666666666667 0.03775 0.050666666666666665
0 0.357 0.32516666666666666 0.0415 0.05433333333333333
0 0.36312500000000003 0.6251666666666666 0.03475 0.04833333333333333
0 0.366 0.23216666666666666 0.038 0.050333333333333334
0 0.367375 0.5053333333333333 0.03825 0.048
0 0.3695 0.45466666666666666 0.0375 0.049999999999999996
0 0.373 0.6731666666666667 0.0415 0.05433333333333333
0 0.38575 0.38116666666666665 0.0425 0.055
0 0.3925 0.586 0.037 0.048666666666666664
0 0.409125 0.31866666666666665 0.03725 0.052
0 0.409125 0.6856666666666666 0.03725 0.050666666666666665
0 0.40875 0.621 0.0335 0.04733333333333333
0 0.41625 0.48716666666666664 0.0415 0.055
0 0.42862500000000003 0.41816666666666663 0.03975 0.057666666666666665
0 0.431 0.5365 0.0345 0.04833333333333333
0 0.44 0.6335 0.0325 0.04566666666666667
0 0.447375 0.33766666666666667 0.03975 0.05266666666666667
0 0.446625 0.5871666666666666 0.035250000000000004 0.04766666666666666
0 0.46775 0.48783333333333334 0.0405 0.053
0 0.4685 0.5413333333333333 0.0385 0.05333333333333333
0 0.47600000000000003 0.6221666666666666 0.0335 0.043
0 0.478625 0.4145 0.03775 0.04833333333333333
