0 0.121 0.5195 0.0415 0.055
0 0.121875 0.4428333333333333 0.04025 0.053
0 0.13825 0.57 0.035 0.046
0 0.151625 0.47983333333333333 0.04175 0.04566666666666667
0 0.15987500000000002 0.4008333333333333 0.04025 0.05366666666666667
0 0.1675 0.3491666666666667 0.041 0.053
0 0.171 0.5506666666666666 0.036000000000000004 0.049999999999999996
0 0.175375 0.6011666666666666 0.03275 0.047
0 0.183625 0.4408333333333333 0.04425 0.05366666666666667
0 0.1895 0.6611666666666667 0.037 0.05366666666666667
0 0.193375 0.4933333333333333 0.03725 0.04933333333333333
0 0.202875 0.33066666666666666 0.03775 0.052
0 0.209125 0.3978333333333333 0.04175 0.051666666666666666
0 0.217125 0.5371666666666667 0.04425 0.05566666666666666
0 0.216875 0.5913333333333333 0.043250000000000004 0.056
0 0.227875 0.442 0.04225 0.048666666666666664
0 0.2285 0.27416666666666667 0.037 0.05233333333333333
0 0.236125 0.6361666666666667 0.04425 0.050333333333333334
0 0.231875 0.49016666666666664 0.035250000000000004 0.04433333333333333
0 0.23775000000000002 0.6906666666666667 0.0465 0.054
0 0.24175 0.3433333333333333 0.0385 0.04933333333333333
0 0.248625 0.3963333333333333 0.03925 0.051333333333333335
0 0.25875 0.5371666666666667 0.04 0.05233333333333333
0 0.26575 0.2588333333333333 0.0405 0.05633333333333333
0 0.266125 0.6018333333333333 0.03825 0.049666666666666665
0 0.26987500000000003 0.435 0.03775 0.050666666666666665
0 0.269625 0.48366666666666663 0.035250000000000004 0.04733333333333333
0 0.272 0.31033333333333335 0.0395 0.048666666666666664
0 0.27037500000000003 0.6596666666666666 0.03625 0.04933333333333333
0 0.28175 0.7038333333333333 0.04 0.047
0 0.282875 0.36083333333333334 0.035250000000000004 0.04833333333333333
0 0.296 0.4115 0.0425 0.051666666666666666
0 0.29825 0.5418333333333333 0.0395 0.051
0 0.30325 0.27149999999999996 0.041 0.053
0 0.303875 0.5886666666666667 0.03825 0.048
0 0.3095 0.4633333333333333 0.0395 0.050666666666666665
0 0.3095 0.3278333333333333 0.0375 0.04833333333333333
0 0.312 0.6673333333333333 0.0385 0.05333333333333333
0 0.318 0.38116666666666665 0.035500000000000004 0.049666666666666665
0 0.33037500000000003 0.5101666666666667 0.03725 0.04766666666666666
0 0.341 0.2853333333333333 0.0405 0.054
0 0.34125 0.5579999999999999 0.0385 0.04733333333333333
0 0.341 0.4315 0.0345 0.04833333333333333
0 0.345375 0.6116666666666667 0.03675 0.05466666666666666
0 0.348875 0.33849999999999997 0.03875 0.053
0 0.35475 0.6756666666666666 0.036000000000000004 0.04533333333333333
0 0.355625 0.47733333333333333 0.03625 0.048
0 0.36875 0.5246666666666666 0.039 0.052
0 0.37025 0.39 0.035 0.04933333333333333
0 0.371875 0.5818333333333333 0.035750000000000004 0.050333333333333334
0 0.37825000000000003 0.445 0.04 0.052
0 0.37675000000000003 0.302 0.0325 0.04533333333333333
0 0.381875 0.6386666666666666 0.04125 0.051333333333333335
0 0.393125 0.3478333333333333 0.03475 0.047
0 0.39937500000000004 0.48983333333333334 0.03425 0.047
0 0.40175 0.5476666666666666 0.037 0.048
0 0.40725 0.39599999999999996 0.038 0.051333333333333335
0 0.408375 0.5955 0.04025 0.051666666666666666
0 0.4165 0.3085 0.04 0.051666666666666666
0 0.421625 0.451 0.03975 0.050666666666666665
0 0.43725 0.357 0.0345 0.048
0 0.439125 0.49416666666666664 0.03625 0.045
0 0.44475000000000003 0.40449999999999997 0.037 0.048999999999999995
0 0.44275000000000003 0.57 0.0315 0.04533333333333333
0 0.46337500000000004 0.45166666666666666 0.03675 0.04733333333333333
0 0.47550000000000003 0.5038333333333334 0.0365 0.04633333333333333
