0 0.10275000000000001 0.5788333333333333 0.0375 0.04766666666666666
0 0.115875 0.5106666666666666 0.04025 0.05533333333333333
0 0.13 0.46216666666666667 0.0415 0.051
0 0.14 0.5945 0.043000000000000003 0.05433333333333333
0 0.139625 0.4038333333333333 0.04175 0.05366666666666667
0 0.14675 0.5403333333333333 0.0425 0.05266666666666667
0 0.150125 0.35916666666666663 0.03425 0.04766666666666666
0 0.15887500000000002 0.4905 0.03425 0.045
0 0.161 0.6423333333333333 0.036000000000000004 0.04533333333333333
0 0.1675 0.4398333333333333 0.0335 0.04633333333333333
0 0.17925 0.5771666666666666 0.04 0.049666666666666665
0 0.185375 0.5221666666666667 0.04625 0.05633333333333333
0 0.186625 0.29466666666666663 0.03875 0.04933333333333333
0 0.18837500000000001 0.3448333333333333 0.04025 0.05366666666666667
0 0.19725 0.621 0.049 0.056
0 0.199125 0.6746666666666666 0.05075 0.05533333333333333
0 0.19325 0.40116666666666667 0.0305 0.047
0 0.198625 0.475 0.03825 0.04733333333333333
0 0.210125 0.7251666666666666 0.035250000000000004 0.04433333333333333
0 0.21887500000000001 0.569 0.04525 0.056666666666666664
0 0.21987500000000001 0.36883333333333335 0.03475 0.04833333333333333
0 0.22237500000000002 0.426 0.03925 0.052
0 0.231 0.5183333333333333 0.0405 0.049999999999999996
0 0.227875 0.326 0.03275 0.04733333333333333
0 0.242125 0.643 0.03625 0.048
0 0.24275 0.46849999999999997 0.037 0.048999999999999995
0 0.247 0.6948333333333333 0.035 0.047
0 0.257125 0.29833333333333334 0.035750000000000004 0.046
0 0.259125 0.3473333333333333 0.035750000000000004 0.04733333333333333
0 0.2615 0.5533333333333333 0.039 0.051333333333333335
0 0.261 0.41 0.0345 0.04533333333333333
0 0.26987500000000003 0.6033333333333333 0.03875 0.049999999999999996
0 0.278 0.6523333333333333 0.036000000000000004 0.04733333333333333
0 0.27875 0.7298333333333333 0.034 0.04766666666666666
0 0.283375 0.45949999999999996 0.03725 0.04766666666666666
0 0.28475 0.5153333333333333 0.0395 0.050666666666666665
0 0.2925 0.381 0.036000000000000004 0.048
0 0.29775 0.5673333333333334 0.0395 0.051333333333333335
0 0.295375 0.318 0.03325 0.04733333333333333
0 0.30975 0.6761666666666667 0.041 0.051
0 0.307375 0.621 0.035250000000000004 0.048666666666666664
0 0.30925 0.42283333333333334 0.036000000000000004 0.045
0 0.314875 0.48583333333333334 0.04025 0.051
0 0.3205 0.7308333333333333 0.041 0.051666666666666666
0 0.320875 0.35516666666666663 0.03375 0.041666666666666664
0 0.32887500000000003 0.5355 0.03725 0.050333333333333334
0 0.33487500000000003 0.5856666666666667 0.03475 0.04666666666666666
0 0.337375 0.4458333333333333 0.03225 0.049666666666666665
0 0.341375 0.6366666666666666 0.03875 0.05266666666666667
0 0.340625 0.39449999999999996 0.03675 0.048999999999999995
0 0.346125 0.6945 0.03775 0.050333333333333334
0 0.354625 0.5065 0.03425 0.04633333333333333
0 0.366875 0.5528333333333333 0.03375 0.04833333333333333
0 0.368125 0.427 0.035750000000000004 0.04733333333333333
0 0.368375 0.6023333333333333 0.03375 0.048
0 0.3685 0.363 0.0305 0.043333333333333335
0 0.3745 0.6616666666666666 0.0385 0.049999999999999996
0 0.384625 0.4668333333333333 0.03675 0.045
0 0.39075 0.51 0.034 0.046
0 0.39575 0.39416666666666667 0.037 0.047
0 0.396125 0.62 0.03275 0.04666666666666666
0 0.4005 0.5695 0.0375 0.04833333333333333
0 0.41925 0.4395 0.0365 0.049666666666666665
0 0.4205 0.5318333333333333 0.0325 0.047
0 0.42862500000000003 0.48433333333333334 0.03275 0.04466666666666667
0 0.43375 0.5948333333333333 0.031 0.043666666666666666
