0 0.543875 0.49766666666666665 0.03725 0.054
0 0.545375 0.4098333333333333 0.03875 0.051666666666666666
0 0.570875 0.5489999999999999 0.04075 0.056
0 0.577125 0.4395 0.03475 0.04766666666666666
0 0.592 0.4963333333333333 0.043500000000000004 0.056
0 0.595375 0.3988333333333333 0.035250000000000004 0.047
0 0.605625 0.6068333333333333 0.03675 0.049666666666666665
0 0.6095 0.5438333333333333 0.0375 0.047
0 0.622375 0.35683333333333334 0.03975 0.053
0 0.6275000000000001 0.42383333333333334 0.034 0.04833333333333333
0 0.63225 0.6631666666666667 0.0375 0.053
0 0.634875 0.4735 0.03925 0.053
0 0.64275 0.6058333333333333 0.0425 0.06033333333333333
0 0.64475 0.5226666666666666 0.035 0.04666666666666666
0 0.6575 0.7096666666666667 0.0405 0.052
0 0.659875 0.32 0.04225 0.05466666666666666
0 0.659875 0.38866666666666666 0.035250000000000004 0.046
0 0.66925 0.4423333333333333 0.043000000000000003 0.054
0 0.680625 0.49183333333333334 0.03775 0.051
0 0.6845 0.6435 0.0425 0.05633333333333333
0 0.6935 0.5881666666666666 0.046 0.06033333333333333
0 0.6950000000000001 0.3605 0.044 0.05233333333333333
0 0.698125 0.5283333333333333 0.03725 0.048
0 0.7045 0.4091666666666667 0.0375 0.04633333333333333
0 0.70875 0.6849999999999999 0.045 0.058666666666666666
0 0.715 0.45916666666666667 0.036000000000000004 0.048999999999999995
0 0.726625 0.6325 0.04275 0.059
0 0.735375 0.29 0.04425 0.05933333333333333
0 0.7385 0.5028333333333334 0.0385 0.051
0 0.738 0.35966666666666663 0.0345 0.04533333333333333
0 0.7485 0.5815 0.046 0.059
0 0.74775 0.431 0.043500000000000004 0.05266666666666667
0 0.753375 0.6766666666666666 0.043250000000000004 0.058666666666666666
0 0.776375 0.38316666666666666 0.035250000000000004 0.051
0 0.77825 0.6288333333333334 0.039 0.05233333333333333
0 0.777875 0.4721666666666666 0.035250000000000004 0.048999999999999995
0 0.781375 0.312 0.03975 0.05333333333333333
0 0.7821250000000001 0.5283333333333333 0.03825 0.050666666666666665
0 0.813875 0.34833333333333333 0.04625 0.058666666666666666
0 0.81625 0.39866666666666667 0.043500000000000004 0.049999999999999996
0 0.82475 0.5345 0.0465 0.059
0 0.820875 0.5935 0.03675 0.04766666666666666
0 0.8255 0.4701666666666667 0.043000000000000003 0.057666666666666665
