0 0.12 0.47983333333333333 0.0375 0.051666666666666666
0 0.132625 0.5366666666666666 0.04725 0.05933333333333333
0 0.133875 0.43166666666666664 0.03825 0.049999999999999996
0 0.159 0.582 0.045 0.056
0 0.166125 0.49066666666666664 0.03675 0.04933333333333333
0 0.17425000000000002 0.633 0.0385 0.051333333333333335
0 0.17550000000000002 0.439 0.039 0.052
0 0.1935 0.35533333333333333 0.0425 0.05466666666666666
0 0.205375 0.40499999999999997 0.03625 0.04933333333333333
0 0.209875 0.522 0.04025 0.048
0 0.21575 0.5735 0.0395 0.051666666666666666
0 0.231625 0.6815 0.04625 0.058333333333333334
0 0.2305 0.6246666666666666 0.0425 0.05733333333333333
0 0.2285 0.47 0.0375 0.05333333333333333
0 0.233125 0.33016666666666666 0.03975 0.050333333333333334
0 0.23450000000000001 0.7386666666666667 0.0415 0.048666666666666664
0 0.23600000000000002 0.38066666666666665 0.039 0.049999999999999996
0 0.250875 0.5439999999999999 0.04875 0.05333333333333333
0 0.25875 0.4333333333333333 0.0405 0.05266666666666667
0 0.26587500000000003 0.4865 0.03875 0.051
0 0.26887500000000003 0.594 0.04425 0.056
0 0.27 0.6465 0.042 0.055
0 0.272 0.283 0.0375 0.04933333333333333
0 0.273125 0.6986666666666667 0.03875 0.050666666666666665
0 0.2805 0.7516666666666666 0.0425 0.058666666666666666
0 0.286125 0.39316666666666666 0.04675 0.05433333333333333
0 0.29275 0.5413333333333333 0.0385 0.04933333333333333
0 0.295375 0.33449999999999996 0.03825 0.049666666666666665
0 0.2965 0.4543333333333333 0.036000000000000004 0.048666666666666664
0 0.308375 0.6413333333333333 0.03825 0.05266666666666667
0 0.314 0.286 0.0425 0.054
0 0.312125 0.5861666666666666 0.03825 0.048999999999999995
0 0.313125 0.6933333333333334 0.035750000000000004 0.048666666666666664
0 0.3185 0.7444999999999999 0.037 0.04833333333333333
0 0.32225 0.5053333333333333 0.039 0.046
0 0.323375 0.41583333333333333 0.035750000000000004 0.045
0 0.33725 0.36583333333333334 0.0415 0.05566666666666666
0 0.341125 0.5545 0.04425 0.057666666666666665
0 0.3415 0.618 0.0415 0.05533333333333333
0 0.344125 0.3173333333333333 0.03625 0.048
0 0.34425 0.46166666666666667 0.035 0.04733333333333333
0 0.3545 0.6751666666666667 0.038 0.048999999999999995
0 0.35925 0.7246666666666667 0.04 0.054
0 0.362375 0.4126666666666666 0.04075 0.051333333333333335
0 0.360375 0.5085 0.03425 0.04433333333333333
0 0.381625 0.5589999999999999 0.04175 0.05266666666666667
0 0.380625 0.6298333333333334 0.035750000000000004 0.04633333333333333
0 0.382375 0.4651666666666667 0.03475 0.04633333333333333
0 0.38375000000000004 0.37133333333333335 0.036000000000000004 0.046
0 0.3845 0.31316666666666665 0.0375 0.04833333333333333
0 0.396 0.5126666666666666 0.0345 0.04666666666666666
0 0.406 0.6829999999999999 0.037 0.05266666666666667
0 0.40800000000000003 0.41666666666666663 0.0405 0.052
0 0.40825 0.5955 0.0405 0.050333333333333334
0 0.41925 0.4671666666666667 0.034 0.04766666666666666
0 0.42275 0.36 0.0375 0.050666666666666665
0 0.427875 0.6371666666666667 0.04025 0.05233333333333333
0 0.435625 0.5298333333333333 0.04025 0.051666666666666666
0 0.44625000000000004 0.40549999999999997 0.034 0.04566666666666667
0 0.44975 0.584 0.04 0.05266666666666667
0 0.462625 0.48533333333333334 0.03375 0.04533333333333333
0 0.46925 0.6345 0.04 0.055
0 0.47050000000000003 0.439 0.037 0.048666666666666664
0 0.47550000000000003 0.531 0.039 0.05333333333333333
0 0.488375 0.5866666666666667 0.03725 0.048
0 0.5025000000000001 0.48766666666666664 0.034 0.04533333333333333
