0 0.141125 0.446 0.03075 0.044
0 0.1505 0.5528333333333333 0.0385 0.04566666666666667
0 0.157 0.5068333333333334 0.0365 0.04566666666666667
0 0.161125 0.4091666666666667 0.03425 0.045
0 0.1835 0.6335 0.0375 0.04033333333333333
0 0.1835 0.44366666666666665 0.032 0.043333333333333335
0 0.18375 0.5626666666666666 0.0325 0.043333333333333335
0 0.19062500000000002 0.5216666666666666 0.03425 0.04133333333333333
0 0.19125 0.3905 0.0275 0.041
0 0.200125 0.6663333333333333 0.03275 0.044
0 0.20075 0.6001666666666666 0.028 0.041
0 0.20600000000000002 0.34833333333333333 0.031 0.042666666666666665
0 0.215375 0.4785 0.03325 0.04566666666666667
0 0.22025 0.41683333333333333 0.0345 0.04566666666666667
0 0.22625 0.5195 0.034 0.04566666666666667
0 0.227375 0.6325 0.03225 0.03966666666666666
0 0.2335 0.5631666666666666 0.032 0.043666666666666666
0 0.23725000000000002 0.6825 0.034 0.04566666666666667
0 0.243 0.3733333333333333 0.0325 0.04066666666666666
0 0.2435 0.4528333333333333 0.029500000000000002 0.041666666666666664
0 0.250125 0.33299999999999996 0.035750000000000004 0.042666666666666665
0 0.25425000000000003 0.49266666666666664 0.031 0.041999999999999996
0 0.258375 0.413 0.035250000000000004 0.046
0 0.25675 0.5996666666666667 0.0315 0.043333333333333335
0 0.2645 0.532 0.03 0.03866666666666667
0 0.2785 0.36816666666666664 0.038 0.04766666666666666
0 0.27725 0.6715 0.0345 0.04566666666666667
0 0.280625 0.45216666666666666 0.03125 0.041
0 0.285625 0.5725 0.03325 0.043666666666666666
0 0.28725 0.32516666666666666 0.031 0.04033333333333333
0 0.291125 0.6163333333333333 0.03225 0.044
0 0.293875 0.49033333333333334 0.03225 0.041999999999999996
0 0.29725 0.41766666666666663 0.0325 0.042666666666666665
0 0.30225 0.5325 0.033 0.041
0 0.309625 0.6781666666666667 0.03225 0.04633333333333333
0 0.310875 0.37916666666666665 0.03025 0.04033333333333333
0 0.314375 0.45566666666666666 0.03075 0.04066666666666666
0 0.320375 0.5788333333333333 0.035750000000000004 0.048999999999999995
0 0.319125 0.317 0.03225 0.046
0 0.326 0.6288333333333334 0.0345 0.047
0 0.32887500000000003 0.49416666666666664 0.03625 0.04633333333333333
0 0.330625 0.42233333333333334 0.03175 0.04066666666666666
0 0.33425 0.5346666666666666 0.0325 0.043333333333333335
0 0.342375 0.3455 0.02925 0.04033333333333333
0 0.34725 0.45749999999999996 0.0335 0.045
0 0.351875 0.5976666666666667 0.03375 0.046
0 0.356375 0.39066666666666666 0.03375 0.043333333333333335
0 0.357375 0.643 0.03425 0.04666666666666666
0 0.36625 0.5173333333333333 0.037 0.046
0 0.36325 0.3113333333333333 0.031 0.04133333333333333
0 0.36625 0.5599999999999999 0.032 0.04466666666666667
0 0.375375 0.3535 0.03625 0.047
0 0.38025000000000003 0.442 0.033 0.044
0 0.383875 0.48366666666666663 0.03275 0.043333333333333335
0 0.3825 0.609 0.03 0.044
0 0.390375 0.66 0.03075 0.04066666666666666
0 0.394 0.40199999999999997 0.0335 0.04466666666666667
0 0.39487500000000003 0.5715 0.03175 0.041
0 0.402125 0.5283333333333333 0.03025 0.04066666666666666
0 0.41150000000000003 0.446 0.0335 0.046
0 0.414625 0.36566666666666664 0.03275 0.04466666666666667
0 0.416625 0.6226666666666666 0.035750000000000004 0.04533333333333333
0 0.42975 0.4053333333333333 0.035500000000000004 0.04666666666666666
0 0.427875 0.584 0.03075 0.04
0 0.43375 0.5381666666666667 0.0345 0.047
0 0.434875 0.47833333333333333 0.03275 0.041999999999999996
