0 0.31666666666666665 0.629 0.044 0.0325
0 0.3245 0.668125 0.042333333333333334 0.03075
0 0.3421666666666667 0.602875 0.04033333333333333 0.02875
0 0.35616666666666663 0.6920000000000001 0.04566666666666667 0.033
0 0.36183333333333334 0.72675 0.047 0.0345
0 0.36116666666666664 0.6345000000000001 0.042333333333333334 0.0315
0 0.37566666666666665 0.5825 0.04 0.029500000000000002
0 0.3788333333333333 0.664125 0.042333333333333334 0.03325
0 0.3905 0.608 0.03833333333333333 0.0285
0 0.40099999999999997 0.692625 0.043333333333333335 0.03325
0 0.4008333333333333 0.556 0.04033333333333333 0.031
0 0.407 0.638375 0.04066666666666666 0.03225
0 0.4126666666666666 0.725875 0.046 0.03425
0 0.41766666666666663 0.76025 0.04733333333333333 0.034
0 0.4215 0.5806250000000001 0.042333333333333334 0.03125
0 0.42 0.530625 0.03866666666666667 0.02925
0 0.42616666666666664 0.6665 0.04633333333333333 0.0325
0 0.43666666666666665 0.610625 0.03933333333333333 0.02925
0 0.44116666666666665 0.554125 0.041666666666666664 0.03025
0 0.4428333333333333 0.50375 0.042333333333333334 0.029500000000000002
0 0.44366666666666665 0.69825 0.03866666666666667 0.032
0 0.44966666666666666 0.63875 0.03733333333333333 0.028
0 0.4598333333333333 0.579875 0.03966666666666666 0.02875
0 0.46216666666666667 0.765 0.042333333333333334 0.034
0 0.46349999999999997 0.7255 0.04433333333333333 0.0325
0 0.46399999999999997 0.795875 0.04066666666666666 0.03075
0 0.4683333333333333 0.525625 0.04 0.03225
0 0.472 0.665875 0.04133333333333333 0.02825
0 0.47783333333333333 0.6075 0.043 0.0315
0 0.4835 0.6970000000000001 0.03966666666666666 0.031
0 0.483 0.553625 0.03733333333333333 0.02775
0 0.48583333333333334 0.50125 0.03966666666666666 0.029
0 0.49166666666666664 0.63725 0.04066666666666666 0.0325
0 0.5038333333333334 0.577875 0.043 0.02925
0 0.507 0.796625 0.04533333333333333 0.035250000000000004
0 0.508 0.526375 0.041999999999999996 0.03025
0 0.508 0.72475 0.041999999999999996 0.0335
0 0.5121666666666667 0.762625 0.041666666666666664 0.03325
0 0.5173333333333333 0.672 0.04533333333333333 0.034
0 0.5236666666666666 0.552875 0.043333333333333335 0.029750000000000002
0 0.5231666666666667 0.606 0.03966666666666666 0.029500000000000002
0 0.5276666666666666 0.50325 0.041999999999999996 0.0285
0 0.535 0.69975 0.042666666666666665 0.0305
0 0.5346666666666666 0.640375 0.04133333333333333 0.03125
0 0.5438333333333333 0.579125 0.043666666666666666 0.029750000000000002
0 0.5481666666666667 0.47875 0.039 0.0285
0 0.5496666666666666 0.802125 0.03866666666666667 0.03175
0 0.5518333333333333 0.7305 0.042333333333333334 0.0325
0 0.5521666666666667 0.5275 0.03766666666666667 0.03
0 0.5555 0.7661250000000001 0.043 0.03025
0 0.5631666666666666 0.665 0.03766666666666667 0.029
0 0.5646666666666667 0.55325 0.03933333333333333 0.0285
0 0.5668333333333333 0.604375 0.041 0.03025
0 0.5715 0.5025000000000001 0.043 0.029
0 0.5763333333333334 0.69575 0.044 0.0335
0 0.5881666666666666 0.631375 0.045 0.03125
0 0.5871666666666666 0.579875 0.03966666666666666 0.03225
0 0.5918333333333333 0.479125 0.042333333333333334 0.02825
0 0.593 0.7345 0.042666666666666665 0.035
0 0.5901666666666666 0.52975 0.037 0.028
0 0.5966666666666667 0.809875 0.04066666666666666 0.03325
0 0.6058333333333333 0.771625 0.045 0.03625
0 0.6054999999999999 0.6677500000000001 0.042333333333333334 0.029500000000000002
0 0.606 0.609125 0.03733333333333333 0.02525
0 0.6106666666666667 0.557625 0.04133333333333333 0.03025
0 0.609 0.506 0.038 0.0265
0 0.621 0.698625 0.04066666666666666 0.03125
0 0.6288333333333334 0.63725 0.041 0.032
0 0.6308333333333334 0.584875 0.042333333333333334 0.03125
0 0.6303333333333333 0.5317500000000001 0.03933333333333333 0.0305
0 0.6366666666666666 0.729125 0.042666666666666665 0.03375
0 0.6496666666666666 0.6645 0.04533333333333333 0.0345
0 0.6496666666666666 0.763875 0.04 0.03175
0 0.6503333333333333 0.61075 0.04 0.028
0 0.6543333333333333 0.558 0.036 0.029500000000000002
0 0.6585 0.509875 0.03966666666666666 0.03075
0 0.6611666666666667 0.6970000000000001 0.039 0.0315
0 0.6715 0.6395000000000001 0.042333333333333334 0.027
0 0.6746666666666666 0.586375 0.042666666666666665 0.02925
0 0.6788333333333333 0.73375 0.043 0.034
0 0.6793333333333333 0.5365 0.03666666666666667 0.028
0 0.6901666666666666 0.6685 0.042333333333333334 0.033
0 0.693 0.76925 0.044 0.0345
0 0.6928333333333333 0.614625 0.043666666666666666 0.03175
0 0.6991666666666666 0.56075 0.04033333333333333 0.0315
0 0.7023333333333334 0.706 0.041999999999999996 0.0315
0 0.7158333333333333 0.6415 0.043666666666666666 0.033
0 0.7168333333333333 0.59125 0.041 0.03
0 0.7215 0.74 0.041666666666666664 0.036000000000000004
0 0.7288333333333333 0.67825 0.041666666666666664 0.0335
0 0.7444999999999999 0.6208750000000001 0.039 0.029750000000000002
0 0.758 0.6545 0.046 0.0315
0 0.7616666666666666 0.723125 0.044 0.035250000000000004
0 0.77 0.68525 0.042666666666666665 0.0335
