0 0.349 0.47825 0.048666666666666664 0.035
0 0.34883333333333333 0.5345 0.04633333333333333 0.034
0 0.362 0.56575 0.03666666666666667 0.029500000000000002
0 0.3795 0.447875 0.043666666666666666 0.03225
0 0.38516666666666666 0.513875 0.043 0.03425
0 0.3913333333333333 0.58375 0.04733333333333333 0.037
0 0.39966666666666667 0.482625 0.04733333333333333 0.03425
0 0.41383333333333333 0.41575 0.041666666666666664 0.0305
0 0.41966666666666663 0.5415 0.04066666666666666 0.0315
0 0.4255 0.61025 0.04633333333333333 0.0345
0 0.42433333333333334 0.446625 0.04133333333333333 0.03175
0 0.43066666666666664 0.508375 0.048 0.035250000000000004
0 0.4365 0.572875 0.049666666666666665 0.03675
0 0.4443333333333333 0.47625 0.04066666666666666 0.0325
0 0.45649999999999996 0.66425 0.05233333333333333 0.035500000000000004
0 0.46116666666666667 0.41725 0.042333333333333334 0.0315
0 0.46249999999999997 0.534875 0.041 0.03175
0 0.4705 0.634125 0.04566666666666667 0.03625
0 0.474 0.597375 0.04533333333333333 0.03675
0 0.47783333333333333 0.379625 0.047 0.03475
0 0.48016666666666663 0.452875 0.041 0.03275
0 0.48366666666666663 0.701375 0.044 0.03325
0 0.4875 0.4935 0.04433333333333333 0.035500000000000004
0 0.4968333333333333 0.56225 0.04833333333333333 0.037
0 0.5065 0.347125 0.04833333333333333 0.03625
0 0.5073333333333333 0.5255 0.041999999999999996 0.0325
0 0.5141666666666667 0.6755 0.050333333333333334 0.038
0 0.5116666666666666 0.4185 0.042666666666666665 0.031
0 0.5193333333333333 0.631375 0.042666666666666665 0.03175
0 0.5251666666666667 0.726625 0.047 0.03275
0 0.5278333333333333 0.5962500000000001 0.04766666666666666 0.035
0 0.53 0.45687500000000003 0.04733333333333333 0.035250000000000004
0 0.5346666666666666 0.495 0.04533333333333333 0.0335
0 0.5491666666666667 0.371625 0.041666666666666664 0.03225
0 0.5569999999999999 0.568125 0.04533333333333333 0.03225
0 0.5575 0.527 0.045 0.033
0 0.5591666666666667 0.656 0.043 0.032
0 0.5621666666666667 0.402875 0.04633333333333333 0.03125
0 0.5683333333333334 0.615375 0.04933333333333333 0.03775
0 0.573 0.34325 0.04933333333333333 0.035500000000000004
0 0.5778333333333333 0.7365 0.05233333333333333 0.0395
0 0.5798333333333333 0.441125 0.041 0.03125
0 0.5871666666666666 0.4975 0.04833333333333333 0.036000000000000004
0 0.595 0.379375 0.04666666666666666 0.03425
0 0.6016666666666667 0.5595 0.044 0.0325
0 0.608 0.6481250000000001 0.042666666666666665 0.03425
0 0.6084999999999999 0.5935 0.043 0.0325
0 0.6173333333333333 0.46425 0.044 0.033
0 0.621 0.520875 0.04666666666666666 0.03475
0 0.6288333333333334 0.35175 0.049666666666666665 0.0365
0 0.6271666666666667 0.427375 0.04566666666666667 0.03675
0 0.645 0.621625 0.041999999999999996 0.03425
0 0.6496666666666666 0.386125 0.04666666666666666 0.03225
0 0.6506666666666666 0.49112500000000003 0.044 0.03225
0 0.6575 0.5806250000000001 0.045 0.03275
0 0.6705 0.5231250000000001 0.051666666666666666 0.03825
0 0.6699999999999999 0.456 0.04533333333333333 0.0345
0 0.6719999999999999 0.419625 0.041999999999999996 0.03225
0 0.6925 0.559125 0.050333333333333334 0.03625
0 0.6965 0.4865 0.043666666666666666 0.032
0 0.6976666666666667 0.622 0.04466666666666667 0.034
0 0.6965 0.35525 0.042333333333333334 0.0325
0 0.7131666666666666 0.398125 0.04833333333333333 0.03725
0 0.7205 0.58925 0.053 0.0365
0 0.7168333333333333 0.4485 0.03966666666666666 0.032
0 0.7378333333333333 0.513 0.043666666666666666 0.0325
0 0.7433333333333333 0.624375 0.044 0.03625
0 0.7434999999999999 0.5595 0.041 0.0335
0 0.7533333333333333 0.47950000000000004 0.041999999999999996 0.033
0 0.7563333333333333 0.42712500000000003 0.043333333333333335 0.035750000000000004
0 0.772 0.658375 0.051333333333333335 0.03675
0 0.7955 0.59 0.045 0.0345
0 0.8033333333333333 0.55525 0.04933333333333333 0.036000000000000004
0 0.8063333333333333 0.5205 0.043333333333333335 0.035
