0 0.3118333333333333 0.658375 0.043666666666666666 0.03225
0 0.31566666666666665 0.613 0.04533333333333333 0.0315
0 0.3478333333333333 0.588 0.04033333333333333 0.029
0 0.352 0.6485 0.042666666666666665 0.033
0 0.35233333333333333 0.68375 0.03733333333333333 0.029
0 0.35683333333333334 0.616625 0.042333333333333334 0.029750000000000002
0 0.3615 0.71225 0.043 0.0325
0 0.36766666666666664 0.56425 0.044 0.029
0 0.38866666666666666 0.5895 0.04 0.029500000000000002
0 0.3903333333333333 0.6853750000000001 0.042666666666666665 0.03475
0 0.39199999999999996 0.6481250000000001 0.04066666666666666 0.03325
0 0.39816666666666667 0.722375 0.039 0.029750000000000002
0 0.407 0.5595 0.03733333333333333 0.0285
0 0.4076666666666667 0.6148750000000001 0.03866666666666667 0.02725
0 0.42783333333333334 0.531375 0.03966666666666666 0.03075
0 0.4275 0.59075 0.037 0.0285
0 0.431 0.638375 0.04 0.03225
0 0.439 0.6685 0.03866666666666667 0.029
0 0.4418333333333333 0.713 0.041 0.0325
0 0.4485 0.506375 0.03966666666666666 0.02875
0 0.45016666666666666 0.7418750000000001 0.03766666666666667 0.02875
0 0.45016666666666666 0.5615 0.03766666666666667 0.029
0 0.46049999999999996 0.606875 0.04033333333333333 0.03125
0 0.4683333333333333 0.536125 0.03733333333333333 0.02625
0 0.4705 0.65175 0.04033333333333333 0.029
0 0.4746666666666666 0.680625 0.042666666666666665 0.03175
0 0.4815 0.577875 0.036333333333333336 0.02775
0 0.483 0.7196250000000001 0.03866666666666667 0.03225
0 0.48833333333333334 0.504 0.043333333333333335 0.029500000000000002
0 0.49166666666666664 0.629875 0.04 0.02875
0 0.49266666666666664 0.752125 0.041999999999999996 0.03475
0 0.4938333333333333 0.553625 0.036333333333333336 0.02675
0 0.5091666666666667 0.662625 0.043666666666666666 0.03425
0 0.5086666666666666 0.53025 0.04133333333333333 0.0305
0 0.5101666666666667 0.5982500000000001 0.036333333333333336 0.03
0 0.5205 0.700125 0.04766666666666666 0.03275
0 0.5268333333333333 0.7322500000000001 0.041 0.034
0 0.531 0.5740000000000001 0.04133333333333333 0.0315
0 0.5371666666666667 0.5065000000000001 0.039 0.0305
0 0.5459999999999999 0.6095 0.04133333333333333 0.0335
0 0.5466666666666666 0.5455 0.034666666666666665 0.0285
0 0.5601666666666667 0.677875 0.04433333333333333 0.03425
0 0.5663333333333334 0.644625 0.043333333333333335 0.03225
0 0.5658333333333333 0.709875 0.039 0.029750000000000002
0 0.5715 0.581 0.035666666666666666 0.0285
0 0.5778333333333333 0.51225 0.04033333333333333 0.029500000000000002
0 0.5881666666666666 0.55175 0.03766666666666667 0.0275
0 0.5975 0.736375 0.04033333333333333 0.03375
0 0.5981666666666666 0.667375 0.037 0.02875
0 0.6038333333333333 0.609625 0.039 0.029750000000000002
0 0.607 0.699375 0.041999999999999996 0.03425
0 0.608 0.58025 0.04 0.0245
0 0.608 0.638875 0.03733333333333333 0.03025
0 0.6106666666666667 0.529 0.03933333333333333 0.0305
0 0.6271666666666667 0.5583750000000001 0.03966666666666666 0.02525
0 0.6366666666666666 0.731 0.03666666666666667 0.0305
0 0.6396666666666666 0.613 0.03266666666666666 0.0275
0 0.6501666666666667 0.641625 0.03833333333333333 0.02875
0 0.6511666666666667 0.673875 0.039 0.029750000000000002
0 0.6516666666666666 0.5795 0.033999999999999996 0.027
0 0.6778333333333333 0.614625 0.03833333333333333 0.03025
0 0.6928333333333333 0.695125 0.039 0.03125
0 0.7055 0.647875 0.036333333333333336 0.03025
0 0.7268333333333333 0.627875 0.039 0.02775
