0 0.22966666666666666 0.658375 0.03666666666666667 0.02925
0 0.25566666666666665 0.633375 0.04 0.02875
0 0.2648333333333333 0.68675 0.03833333333333333 0.0325
0 0.2678333333333333 0.584125 0.043666666666666666 0.03275
0 0.2801666666666667 0.71975 0.045 0.034
0 0.2846666666666667 0.6567500000000001 0.03666666666666667 0.029500000000000002
0 0.2906666666666667 0.554125 0.04 0.03175
0 0.30466666666666664 0.629 0.04066666666666666 0.034
0 0.3145 0.593875 0.034333333333333334 0.02875
0 0.3265 0.74075 0.042333333333333334 0.0305
0 0.3273333333333333 0.526 0.042666666666666665 0.0345
0 0.33849999999999997 0.5583750000000001 0.037 0.03025
0 0.34349999999999997 0.626 0.03966666666666666 0.03
0 0.346 0.704 0.041999999999999996 0.0345
0 0.36316666666666664 0.595375 0.042333333333333334 0.03225
0 0.3723333333333333 0.668125 0.04666666666666666 0.03475
0 0.37016666666666664 0.4845 0.03966666666666666 0.029500000000000002
0 0.371 0.731875 0.03733333333333333 0.03075
0 0.37866666666666665 0.636375 0.043333333333333335 0.03375
0 0.379 0.768875 0.04 0.03125
0 0.3868333333333333 0.55875 0.03766666666666667 0.029
0 0.4051666666666667 0.693125 0.042333333333333334 0.03475
0 0.41983333333333334 0.6138750000000001 0.04633333333333333 0.03375
0 0.42016666666666663 0.749 0.04633333333333333 0.031
0 0.41733333333333333 0.583375 0.038 0.03025
0 0.41883333333333334 0.652875 0.03833333333333333 0.03125
0 0.42366666666666664 0.5185 0.03933333333333333 0.029500000000000002
0 0.426 0.548625 0.038 0.03025
0 0.442 0.4895 0.04133333333333333 0.029
0 0.4418333333333333 0.711375 0.03966666666666666 0.03225
0 0.45316666666666666 0.77625 0.051666666666666666 0.0345
0 0.45399999999999996 0.672 0.04533333333333333 0.035500000000000004
0 0.4543333333333333 0.599 0.042666666666666665 0.0335
0 0.45916666666666667 0.634625 0.03833333333333333 0.03175
0 0.4648333333333333 0.5630000000000001 0.043 0.029
0 0.4673333333333333 0.511125 0.042666666666666665 0.02825
0 0.48916666666666664 0.54 0.043 0.0305
0 0.49366666666666664 0.715375 0.048 0.03325
0 0.495 0.4885 0.046 0.035
0 0.4945 0.453625 0.043 0.03325
0 0.5013333333333333 0.810625 0.04666666666666666 0.03425
0 0.5028333333333334 0.5786250000000001 0.03966666666666666 0.02825
0 0.5038333333333334 0.61075 0.04033333333333333 0.031
0 0.5043333333333333 0.6435 0.03933333333333333 0.032
0 0.507 0.68175 0.042666666666666665 0.033
0 0.5153333333333333 0.77125 0.04466666666666667 0.035
0 0.5268333333333333 0.515375 0.04033333333333333 0.02875
0 0.5273333333333333 0.47075 0.03666666666666667 0.028
0 0.5393333333333333 0.552875 0.042666666666666665 0.029750000000000002
0 0.5408333333333333 0.7056250000000001 0.045 0.03475
0 0.5428333333333333 0.74275 0.04566666666666667 0.035
0 0.5428333333333333 0.80375 0.041666666666666664 0.0305
0 0.5445 0.584875 0.04033333333333333 0.03225
0 0.5449999999999999 0.628625 0.04066666666666666 0.03275
0 0.5475 0.668875 0.04033333333333333 0.03125
0 0.5599999999999999 0.4935 0.04133333333333333 0.0305
0 0.5716666666666667 0.462625 0.04133333333333333 0.029750000000000002
0 0.5793333333333334 0.649 0.04066666666666666 0.0325
0 0.5871666666666666 0.68375 0.04633333333333333 0.036000000000000004
0 0.5856666666666667 0.57875 0.03933333333333333 0.0275
0 0.5881666666666666 0.60825 0.043 0.034
0 0.5871666666666666 0.81775 0.04033333333333333 0.0305
0 0.5918333333333333 0.548125 0.042333333333333334 0.03325
0 0.592 0.747 0.041999999999999996 0.0325
0 0.606 0.513875 0.046 0.03175
0 0.6038333333333333 0.48375 0.041 0.032
0 0.62 0.6325000000000001 0.04733333333333333 0.0325
0 0.6273333333333333 0.7225 0.048 0.035500000000000004
0 0.6241666666666666 0.666125 0.041 0.02875
0 0.6251666666666666 0.571625 0.043 0.03225
0 0.632 0.5385 0.042666666666666665 0.0305
0 0.6401666666666667 0.779875 0.049666666666666665 0.03625
0 0.6435 0.602 0.042333333333333334 0.0315
0 0.6621666666666667 0.70125 0.042333333333333334 0.035500000000000004
0 0.6678333333333333 0.626625 0.04566666666666667 0.03425
0 0.6683333333333333 0.562625 0.046 0.03025
0 0.6715 0.659125 0.04566666666666667 0.03475
0 0.6798333333333333 0.59275 0.042333333333333334 0.033
0 0.6855 0.534875 0.043 0.03125
0 0.694 0.7615000000000001 0.04733333333333333 0.038
0 0.7018333333333333 0.6880000000000001 0.04566666666666667 0.035500000000000004
0 0.7126666666666667 0.575625 0.042666666666666665 0.03325
0 0.7131666666666666 0.647 0.041666666666666664 0.0325
0 0.7175 0.6118750000000001 0.042333333333333334 0.03175
0 0.724 0.725875 0.042666666666666665 0.03175
0 0.7443333333333333 0.700875 0.04133333333333333 0.03275
0 0.7511666666666666 0.663875 0.04766666666666666 0.035750000000000004
0 0.771 0.6345000000000001 0.04666666666666666 0.0365
0 0.8031666666666666 0.6930000000000001 0.05633333333333333 0.038
0 0.7986666666666666 0.5915 0.046 0.0335
