0 0.2058333333333333 0.586875 0.039 0.02625
0 0.21916666666666665 0.6521250000000001 0.04433333333333333 0.03425
0 0.23466666666666666 0.56425 0.03866666666666667 0.0285
0 0.2378333333333333 0.69075 0.042333333333333334 0.0305
0 0.23816666666666667 0.622 0.03766666666666667 0.0315
0 0.25716666666666665 0.512625 0.042333333333333334 0.03475
0 0.2625 0.5916250000000001 0.041 0.02775
0 0.2833333333333333 0.6885 0.042666666666666665 0.03
0 0.2855 0.564875 0.041666666666666664 0.03325
0 0.2886666666666667 0.484875 0.041999999999999996 0.03325
0 0.29083333333333333 0.654 0.042333333333333334 0.0335
0 0.29366666666666663 0.731 0.043333333333333335 0.031
0 0.30333333333333334 0.5275 0.035333333333333335 0.0275
0 0.322 0.460625 0.042666666666666665 0.03425
0 0.3213333333333333 0.575125 0.03933333333333333 0.03075
0 0.3298333333333333 0.621625 0.045 0.03475
0 0.33816666666666667 0.546125 0.042333333333333334 0.03475
0 0.33816666666666667 0.496625 0.039 0.03125
0 0.34099999999999997 0.711125 0.04066666666666666 0.03175
0 0.35383333333333333 0.6567500000000001 0.043 0.0345
0 0.35966666666666663 0.59475 0.043333333333333335 0.0325
0 0.3705 0.5115000000000001 0.03833333333333333 0.029
0 0.37416666666666665 0.4205 0.041 0.029
0 0.37916666666666665 0.731875 0.047 0.03425
0 0.39349999999999996 0.62075 0.041 0.0325
0 0.39816666666666667 0.762625 0.047 0.03475
0 0.39549999999999996 0.669375 0.041 0.03125
0 0.39699999999999996 0.5505 0.042666666666666665 0.031
0 0.40599999999999997 0.583 0.046 0.033
0 0.4061666666666667 0.488375 0.041 0.02925
0 0.4115 0.519625 0.037 0.02875
0 0.42433333333333334 0.4595 0.041999999999999996 0.0285
0 0.42833333333333334 0.647 0.04533333333333333 0.035
0 0.43816666666666665 0.612625 0.03966666666666666 0.03275
0 0.4465 0.746625 0.04633333333333333 0.035250000000000004
0 0.447 0.5407500000000001 0.038 0.031
0 0.45316666666666666 0.67825 0.04433333333333333 0.0345
0 0.45466666666666666 0.579125 0.03933333333333333 0.03225
0 0.45616666666666666 0.48375 0.037 0.029
0 0.4588333333333333 0.7817500000000001 0.041666666666666664 0.0325
0 0.4715 0.51425 0.03766666666666667 0.033
0 0.47833333333333333 0.409875 0.041999999999999996 0.03175
0 0.4835 0.623625 0.043 0.03325
0 0.48983333333333334 0.46775 0.041 0.0305
0 0.48966666666666664 0.56225 0.038 0.031
0 0.493 0.595875 0.043333333333333335 0.02775
0 0.4955 0.70325 0.045 0.035500000000000004
0 0.49516666666666664 0.669375 0.041666666666666664 0.03125
0 0.5096666666666666 0.427875 0.03733333333333333 0.02675
0 0.5198333333333334 0.529875 0.03833333333333333 0.029750000000000002
0 0.519 0.49425 0.03666666666666667 0.0285
0 0.5266666666666666 0.636 0.04 0.032
0 0.5293333333333333 0.4575 0.04066666666666666 0.0305
0 0.5341666666666667 0.7615000000000001 0.042333333333333334 0.0315
0 0.5366666666666666 0.5685 0.04133333333333333 0.032
0 0.5408333333333333 0.672 0.04633333333333333 0.037
0 0.5428333333333333 0.71025 0.04033333333333333 0.0345
0 0.5455 0.605625 0.043 0.03275
0 0.5485 0.42125 0.036333333333333336 0.0285
0 0.5558333333333333 0.514625 0.043666666666666666 0.03125
0 0.5611666666666667 0.544625 0.039 0.029750000000000002
0 0.5763333333333334 0.441875 0.046 0.03275
0 0.5788333333333333 0.747375 0.04833333333333333 0.03625
0 0.5783333333333334 0.473125 0.041999999999999996 0.03075
0 0.5871666666666666 0.686875 0.04766666666666666 0.03675
0 0.5903333333333333 0.498625 0.04 0.02825
0 0.596 0.64075 0.044 0.036000000000000004
0 0.595 0.5665 0.04 0.0315
0 0.6028333333333333 0.535625 0.04433333333333333 0.03325
0 0.6064999999999999 0.6052500000000001 0.041666666666666664 0.0315
0 0.6234999999999999 0.479125 0.04433333333333333 0.03125
0 0.6388333333333334 0.733375 0.047 0.03725
0 0.6366666666666666 0.508 0.04066666666666666 0.0275
0 0.6376666666666666 0.557875 0.04133333333333333 0.03175
0 0.6371666666666667 0.6685 0.037 0.0315
0 0.6433333333333333 0.630625 0.04 0.03125
0 0.6523333333333333 0.597375 0.04733333333333333 0.03425
0 0.661 0.533375 0.042666666666666665 0.03425
0 0.6753333333333333 0.57125 0.04133333333333333 0.0325
0 0.6803333333333333 0.6521250000000001 0.043333333333333335 0.03475
0 0.6809999999999999 0.700125 0.041999999999999996 0.03175
0 0.6876666666666666 0.61975 0.044 0.034
0 0.7131666666666666 0.56025 0.04033333333333333 0.0305
0 0.7195 0.595875 0.039 0.03025
0 0.7371666666666666 0.6275000000000001 0.042333333333333334 0.033
0 0.7523333333333333 0.575875 0.03933333333333333 0.03225
0 0.7731666666666667 0.6072500000000001 0.04433333333333333 0.034
0 0.7939999999999999 0.577875 0.04066666666666666 0.03475
