0 0.3268333333333333 0.660625 0.043 0.03425
0 0.3433333333333333 0.629125 0.04133333333333333 0.02925
0 0.3471666666666667 0.597125 0.043 0.03275
0 0.35683333333333334 0.724 0.03766666666666667 0.03
0 0.3625 0.685625 0.04433333333333333 0.035250000000000004
0 0.36166666666666664 0.557125 0.038 0.02925
0 0.3833333333333333 0.6521250000000001 0.038 0.029750000000000002
0 0.40199999999999997 0.541875 0.04066666666666666 0.03225
0 0.40249999999999997 0.74625 0.04033333333333333 0.031
0 0.40499999999999997 0.713875 0.04066666666666666 0.029750000000000002
0 0.4056666666666667 0.58875 0.04066666666666666 0.03
0 0.4066666666666667 0.6185 0.03933333333333333 0.03
0 0.4121666666666666 0.679125 0.03966666666666666 0.03225
0 0.4393333333333333 0.56575 0.044 0.034
0 0.43866666666666665 0.53225 0.04133333333333333 0.0305
0 0.4413333333333333 0.731375 0.043333333333333335 0.03375
0 0.4443333333333333 0.69775 0.04466666666666667 0.0345
0 0.44416666666666665 0.598125 0.041666666666666664 0.02925
0 0.4463333333333333 0.663 0.04533333333333333 0.034
0 0.4513333333333333 0.775875 0.049999999999999996 0.03375
0 0.4493333333333333 0.62825 0.04133333333333333 0.033
0 0.4676666666666667 0.813875 0.04 0.03225
0 0.4755 0.5045000000000001 0.043666666666666666 0.0315
0 0.4765 0.57875 0.042333333333333334 0.0285
0 0.4761666666666666 0.750125 0.04033333333333333 0.03175
0 0.48083333333333333 0.718875 0.03966666666666666 0.03025
0 0.482 0.54825 0.03733333333333333 0.0285
0 0.48516666666666663 0.6845 0.041666666666666664 0.0305
0 0.48866666666666664 0.64225 0.04133333333333333 0.032
0 0.49216666666666664 0.609125 0.041666666666666664 0.03275
0 0.5136666666666666 0.807625 0.04066666666666666 0.03075
0 0.5163333333333333 0.5325 0.04133333333333333 0.0305
0 0.5168333333333334 0.48962500000000003 0.041 0.03175
0 0.5215 0.772875 0.045 0.03675
0 0.5195 0.563375 0.04033333333333333 0.03025
0 0.5205 0.739625 0.04033333333333333 0.03075
0 0.5251666666666667 0.70675 0.04433333333333333 0.0325
0 0.5256666666666666 0.658375 0.043333333333333335 0.03275
0 0.5293333333333333 0.62675 0.043333333333333335 0.034
0 0.5288333333333333 0.593 0.041 0.0305
0 0.5553333333333333 0.509125 0.03933333333333333 0.02725
0 0.5579999999999999 0.6845 0.044 0.034
0 0.5558333333333333 0.795125 0.03833333333333333 0.03075
0 0.5611666666666667 0.7525000000000001 0.04566666666666667 0.0335
0 0.5626666666666666 0.573125 0.043333333333333335 0.03325
0 0.5675 0.719375 0.043666666666666666 0.03325
0 0.568 0.61075 0.043333333333333335 0.032
0 0.5658333333333333 0.6435 0.03766666666666667 0.029500000000000002
0 0.5705 0.5407500000000001 0.041 0.0315
0 0.5903333333333333 0.4975 0.038 0.0285
0 0.5975 0.695375 0.043 0.03275
0 0.5996666666666667 0.805125 0.046 0.03475
0 0.597 0.7681250000000001 0.04066666666666666 0.03125
0 0.6008333333333333 0.66225 0.042333333333333334 0.029500000000000002
0 0.6054999999999999 0.627875 0.045 0.03175
0 0.6043333333333333 0.56275 0.041999999999999996 0.0335
0 0.6054999999999999 0.5251250000000001 0.039 0.03075
0 0.6074999999999999 0.737625 0.04033333333333333 0.03025
0 0.6091666666666666 0.5962500000000001 0.042333333333333334 0.033
0 0.6356666666666666 0.505125 0.03666666666666667 0.02925
0 0.6396666666666666 0.68025 0.041999999999999996 0.03
0 0.642 0.541125 0.04466666666666667 0.03275
0 0.6435 0.794375 0.04433333333333333 0.03425
0 0.6435 0.71575 0.04433333333333333 0.035
0 0.6428333333333333 0.646625 0.042333333333333334 0.03375
0 0.6433333333333333 0.5755 0.041999999999999996 0.033
0 0.645 0.7508750000000001 0.04533333333333333 0.035250000000000004
0 0.658 0.60675 0.04466666666666667 0.0325
0 0.6778333333333333 0.517375 0.043 0.03025
0 0.6763333333333333 0.666625 0.04 0.03125
0 0.6783333333333333 0.77475 0.04066666666666666 0.0325
0 0.6788333333333333 0.55675 0.04033333333333333 0.0315
0 0.6795 0.69925 0.041666666666666664 0.032
0 0.6815 0.731 0.037 0.0305
0 0.6829999999999999 0.63725 0.038 0.0275
0 0.7021666666666666 0.58575 0.036333333333333336 0.029
0 0.7168333333333333 0.548625 0.04633333333333333 0.03175
0 0.7193333333333333 0.67825 0.044 0.035500000000000004
0 0.7215 0.71625 0.04633333333333333 0.035500000000000004
0 0.72 0.753625 0.041999999999999996 0.03125
0 0.7283333333333333 0.645875 0.04466666666666667 0.03325
0 0.7356666666666667 0.612625 0.044 0.03425
0 0.7418333333333333 0.575875 0.043 0.03275
0 0.7648333333333333 0.704875 0.042333333333333334 0.03125
0 0.7751666666666667 0.627875 0.047 0.035750000000000004
0 0.7726666666666666 0.66 0.041999999999999996 0.0325
0 0.7888333333333333 0.5865 0.045 0.0305
