0 0.445125 0.42666666666666664 0.03025 0.042666666666666665
0 0.453625 0.47883333333333333 0.03125 0.04566666666666667
0 0.45787500000000003 0.353 0.029750000000000002 0.04133333333333333
0 0.46225 0.52 0.026000000000000002 0.03733333333333333
0 0.466625 0.39666666666666667 0.03125 0.04466666666666667
0 0.470375 0.4425 0.03225 0.041
0 0.47200000000000003 0.5631666666666666 0.0305 0.042333333333333334
0 0.482625 0.32316666666666666 0.03325 0.04033333333333333
0 0.482625 0.486 0.03125 0.04533333333333333
0 0.49112500000000003 0.5283333333333333 0.03375 0.04066666666666666
0 0.493875 0.36933333333333335 0.03325 0.04466666666666667
0 0.496625 0.5781666666666666 0.03375 0.04566666666666667
0 0.496625 0.411 0.03075 0.042666666666666665
0 0.505625 0.45199999999999996 0.03475 0.04533333333333333
0 0.507875 0.2915 0.03225 0.042333333333333334
0 0.51425 0.622 0.032 0.044
0 0.517 0.5033333333333333 0.0335 0.04533333333333333
0 0.51725 0.33549999999999996 0.033 0.042333333333333334
0 0.5225 0.5466666666666666 0.03 0.04
0 0.525625 0.378 0.03425 0.04466666666666667
0 0.5317500000000001 0.5908333333333333 0.032 0.042333333333333334
0 0.5345 0.2563333333333333 0.034 0.042666666666666665
0 0.535375 0.42516666666666664 0.02925 0.039
0 0.53725 0.4671666666666667 0.0305 0.041666666666666664
0 0.540375 0.30066666666666664 0.03325 0.046
0 0.54825 0.5168333333333334 0.03 0.042333333333333334
0 0.54975 0.635 0.033 0.04133333333333333
0 0.54975 0.344 0.032 0.04066666666666666
0 0.553625 0.5559999999999999 0.03025 0.04133333333333333
0 0.556 0.39016666666666666 0.0335 0.043
0 0.56575 0.6001666666666666 0.035 0.047
0 0.5665 0.43366666666666664 0.032 0.044
0 0.5690000000000001 0.47916666666666663 0.0325 0.041666666666666664
0 0.5705 0.2688333333333333 0.032 0.045
0 0.5720000000000001 0.31116666666666665 0.0335 0.043
0 0.57825 0.5253333333333333 0.03 0.04133333333333333
0 0.5806250000000001 0.35833333333333334 0.03275 0.042666666666666665
0 0.58025 0.6476666666666666 0.0285 0.03933333333333333
0 0.58925 0.40449999999999997 0.03 0.04033333333333333
0 0.59125 0.5683333333333334 0.0315 0.041999999999999996
0 0.595875 0.2368333333333333 0.03375 0.04633333333333333
0 0.6005 0.6163333333333333 0.0365 0.050666666666666665
0 0.601625 0.449 0.03475 0.04533333333333333
0 0.6025 0.284 0.032 0.044
0 0.6032500000000001 0.4933333333333333 0.032 0.044
0 0.60675 0.326 0.033 0.04133333333333333
0 0.613 0.36966666666666664 0.0315 0.042666666666666665
0 0.616625 0.6725 0.03875 0.050333333333333334
0 0.61425 0.5455 0.0305 0.041666666666666664
0 0.621625 0.4121666666666666 0.03025 0.041
0 0.627875 0.5846666666666667 0.03275 0.041999999999999996
0 0.628625 0.24333333333333332 0.03075 0.04133333333333333
0 0.634625 0.6356666666666666 0.03625 0.04933333333333333
0 0.633 0.29033333333333333 0.0315 0.04
0 0.63525 0.4653333333333333 0.032 0.041999999999999996
0 0.639625 0.33866666666666667 0.03225 0.04533333333333333
0 0.641875 0.509 0.03175 0.042666666666666665
0 0.650875 0.5569999999999999 0.03425 0.046
0 0.651625 0.6758333333333333 0.03175 0.043
0 0.652875 0.38216666666666665 0.03275 0.041666666666666664
0 0.6607500000000001 0.5986666666666667 0.0325 0.042666666666666665
0 0.6607500000000001 0.42333333333333334 0.0315 0.03933333333333333
0 0.6637500000000001 0.2548333333333333 0.031 0.043
0 0.667375 0.299 0.03425 0.042666666666666665
0 0.670875 0.6393333333333333 0.03425 0.046
0 0.671625 0.34349999999999997 0.035250000000000004 0.045
0 0.67 0.477 0.031 0.04133333333333333
0 0.67825 0.521 0.0345 0.048
0 0.68575 0.5683333333333334 0.035 0.048
0 0.690375 0.388 0.03275 0.041999999999999996
0 0.697375 0.2585 0.035250000000000004 0.045
0 0.696625 0.434 0.03275 0.043333333333333335
0 0.6990000000000001 0.6126666666666667 0.033 0.04533333333333333
0 0.70325 0.4905 0.03 0.043
0 0.704875 0.31116666666666665 0.03025 0.03966666666666666
0 0.715375 0.5356666666666666 0.03075 0.041999999999999996
0 0.71575 0.3515 0.0315 0.043
0 0.7282500000000001 0.5886666666666667 0.0405 0.04533333333333333
0 0.725125 0.39649999999999996 0.03325 0.043
0 0.729125 0.45749999999999996 0.03425 0.045
0 0.741125 0.5028333333333334 0.03675 0.04766666666666666
0 0.741625 0.31466666666666665 0.03375 0.04533333333333333
0 0.7475 0.5518333333333333 0.038 0.050333333333333334
0 0.754 0.37083333333333335 0.04 0.050333333333333334
0 0.76575 0.46399999999999997 0.038 0.048666666666666664
0 0.7681250000000001 0.41583333333333333 0.03875 0.04833333333333333
0 0.77675 0.5156666666666666 0.0335 0.041999999999999996
