0 0.41925 0.4445 0.0325 0.04633333333333333
0 0.427875 0.5006666666666667 0.035250000000000004 0.04733333333333333
0 0.434875 0.5479999999999999 0.03125 0.04133333333333333
0 0.44275000000000003 0.5935 0.035 0.04766666666666666
0 0.4435 0.36183333333333334 0.0315 0.045
0 0.44625000000000004 0.41483333333333333 0.035500000000000004 0.04833333333333333
0 0.450625 0.46499999999999997 0.03425 0.04133333333333333
0 0.461125 0.5131666666666667 0.03625 0.04766666666666666
0 0.4685 0.5573333333333333 0.032 0.04133333333333333
0 0.47200000000000003 0.6126666666666667 0.0365 0.04933333333333333
0 0.470875 0.3305 0.03225 0.043
0 0.47825 0.38816666666666666 0.0345 0.049666666666666665
0 0.480625 0.435 0.035250000000000004 0.04533333333333333
0 0.48762500000000003 0.6595 0.035250000000000004 0.047
0 0.48962500000000003 0.48066666666666663 0.03775 0.04933333333333333
0 0.497 0.5336666666666666 0.0365 0.04733333333333333
0 0.5025000000000001 0.30133333333333334 0.033 0.04933333333333333
0 0.504 0.5788333333333333 0.0315 0.045
0 0.507125 0.3516666666666666 0.03125 0.04533333333333333
0 0.511875 0.6288333333333334 0.03825 0.051
0 0.513875 0.39749999999999996 0.03675 0.047
0 0.524 0.4993333333333333 0.0325 0.043333333333333335
0 0.52475 0.4533333333333333 0.0315 0.043333333333333335
0 0.52475 0.6741666666666667 0.031 0.043666666666666666
0 0.530625 0.5491666666666667 0.03275 0.047
0 0.535 0.3223333333333333 0.035 0.046
0 0.534625 0.5913333333333333 0.03175 0.043333333333333335
0 0.543875 0.37116666666666664 0.03375 0.04433333333333333
0 0.546625 0.416 0.03275 0.043333333333333335
0 0.5485 0.6445 0.036000000000000004 0.048999999999999995
0 0.555625 0.5111666666666667 0.03175 0.043666666666666666
0 0.556875 0.46266666666666667 0.03125 0.044
0 0.55875 0.6888333333333333 0.032 0.042333333333333334
0 0.563875 0.5611666666666667 0.03175 0.043
0 0.5685 0.32316666666666666 0.031 0.041666666666666664
0 0.576625 0.609 0.03175 0.04466666666666667
0 0.5806250000000001 0.38116666666666665 0.035250000000000004 0.04566666666666667
0 0.5826250000000001 0.42833333333333334 0.03025 0.042666666666666665
0 0.58925 0.6586666666666666 0.036000000000000004 0.052
0 0.592375 0.47916666666666663 0.035750000000000004 0.048999999999999995
0 0.595 0.7158333333333333 0.0365 0.050333333333333334
0 0.593 0.5266666666666666 0.032 0.044
0 0.59575 0.30016666666666664 0.034 0.047
0 0.59975 0.5798333333333333 0.0325 0.043666666666666666
0 0.60675 0.34049999999999997 0.035 0.042333333333333334
0 0.61425 0.6246666666666666 0.031 0.04133333333333333
0 0.6168750000000001 0.439 0.03125 0.04466666666666667
0 0.62 0.38666666666666666 0.035500000000000004 0.046
0 0.620375 0.6783333333333333 0.035750000000000004 0.049999999999999996
0 0.62275 0.27 0.031 0.043333333333333335
0 0.6255000000000001 0.49966666666666665 0.032 0.042666666666666665
0 0.631 0.5486666666666666 0.0305 0.041999999999999996
0 0.6325000000000001 0.7241666666666666 0.0315 0.043
0 0.64 0.5965 0.036000000000000004 0.048999999999999995
0 0.63925 0.30933333333333335 0.0305 0.04133333333333333
0 0.6431250000000001 0.35433333333333333 0.03375 0.043333333333333335
0 0.647 0.46349999999999997 0.0305 0.041
0 0.647375 0.41333333333333333 0.03025 0.04133333333333333
0 0.6525 0.6391666666666667 0.031 0.042333333333333334
0 0.65825 0.6851666666666666 0.036000000000000004 0.049666666666666665
0 0.658375 0.5168333333333334 0.03075 0.045
0 0.666125 0.2866666666666667 0.03425 0.04066666666666666
0 0.669625 0.5606666666666666 0.035250000000000004 0.04666666666666666
0 0.676 0.609 0.0345 0.04666666666666666
0 0.677 0.37916666666666665 0.0305 0.04033333333333333
0 0.6825 0.42266666666666663 0.034 0.04533333333333333
0 0.682625 0.4736666666666666 0.03075 0.04
0 0.686875 0.6555 0.03175 0.045
0 0.695875 0.5271666666666667 0.03075 0.04433333333333333
0 0.709875 0.3843333333333333 0.03725 0.048
0 0.70675 0.5736666666666667 0.0305 0.04133333333333333
0 0.7185 0.6341666666666667 0.034 0.04566666666666667
0 0.7185 0.4885 0.0335 0.043666666666666666
0 0.721125 0.43766666666666665 0.03725 0.04933333333333333
0 0.733 0.5408333333333333 0.034 0.04633333333333333
0 0.74 0.5923333333333333 0.0345 0.04933333333333333
0 0.753625 0.49016666666666664 0.03475 0.050333333333333334
0 0.767 0.5568333333333333 0.035 0.04566666666666667
