0 0.400125 0.4676666666666667 0.03225 0.04133333333333333
0 0.402875 0.5141666666666667 0.03125 0.043666666666666666
0 0.4165 0.5788333333333333 0.0315 0.045
0 0.42 0.43566666666666665 0.03 0.043333333333333335
0 0.4275 0.35833333333333334 0.03 0.042666666666666665
0 0.431375 0.47733333333333333 0.03125 0.043333333333333335
0 0.445125 0.6506666666666666 0.03325 0.04733333333333333
0 0.44975 0.5273333333333333 0.0285 0.04066666666666666
0 0.465375 0.3858333333333333 0.03075 0.04566666666666667
0 0.47125 0.6121666666666666 0.029500000000000002 0.04033333333333333
0 0.47700000000000004 0.327 0.031 0.04133333333333333
0 0.48025 0.6861666666666666 0.034 0.045
0 0.4845 0.4353333333333333 0.033 0.044
0 0.485375 0.214 0.029750000000000002 0.04066666666666666
0 0.49512500000000004 0.5058333333333334 0.02825 0.041
0 0.5005000000000001 0.569 0.033 0.044
0 0.508 0.34099999999999997 0.033 0.04
0 0.513 0.29883333333333334 0.031 0.039
0 0.515375 0.15866666666666665 0.03025 0.038
0 0.520875 0.6418333333333334 0.03375 0.04433333333333333
0 0.52325 0.4061666666666667 0.0305 0.04033333333333333
0 0.533375 0.5569999999999999 0.03025 0.04
0 0.534125 0.706 0.03075 0.04066666666666666
0 0.541125 0.4715 0.03375 0.041666666666666664
0 0.548875 0.23583333333333334 0.03425 0.04633333333333333
0 0.55125 0.3485 0.0285 0.03766666666666667
0 0.55325 0.2783333333333333 0.029500000000000002 0.03866666666666667
0 0.55825 0.6246666666666666 0.033 0.04066666666666666
0 0.5575 0.6726666666666666 0.0305 0.033999999999999996
0 0.56075 0.41083333333333333 0.03 0.03833333333333333
0 0.571625 0.731 0.03125 0.044
0 0.57475 0.184 0.0285 0.04
0 0.5795 0.4965 0.035 0.043
0 0.583375 0.2383333333333333 0.03075 0.03333333333333333
0 0.590875 0.5893333333333333 0.02825 0.04
0 0.598125 0.30183333333333334 0.03275 0.03833333333333333
0 0.59775 0.6506666666666666 0.031 0.04466666666666667
0 0.603625 0.7028333333333333 0.03475 0.043666666666666666
0 0.60475 0.38016666666666665 0.032 0.03833333333333333
0 0.6185 0.19083333333333333 0.0345 0.04433333333333333
0 0.619625 0.45016666666666666 0.03125 0.04566666666666667
0 0.624 0.6074999999999999 0.0315 0.042333333333333334
0 0.63025 0.5195 0.032 0.041
0 0.634875 0.26366666666666666 0.03375 0.04
0 0.638 0.31816666666666665 0.034 0.039
0 0.640375 0.6709999999999999 0.03475 0.04666666666666666
0 0.65325 0.39516666666666667 0.035500000000000004 0.045
0 0.6505 0.7278333333333333 0.029500000000000002 0.04566666666666667
0 0.6587500000000001 0.4963333333333333 0.0345 0.046
0 0.659875 0.6276666666666666 0.03275 0.043333333333333335
0 0.67275 0.35616666666666663 0.035 0.041
0 0.6725 0.6871666666666666 0.033 0.04633333333333333
0 0.67475 0.20666666666666667 0.034 0.043333333333333335
0 0.6743750000000001 0.5393333333333333 0.029750000000000002 0.03866666666666667
0 0.6845 0.745 0.0265 0.03933333333333333
0 0.691125 0.2603333333333333 0.03375 0.03866666666666667
0 0.702875 0.41666666666666663 0.029750000000000002 0.04
0 0.70525 0.4923333333333333 0.0345 0.04666666666666666
0 0.7212500000000001 0.6508333333333333 0.035 0.04833333333333333
0 0.7205 0.5565 0.032 0.04033333333333333
0 0.726375 0.7278333333333333 0.03225 0.04566666666666667
0 0.739125 0.36366666666666664 0.03675 0.04666666666666666
0 0.754 0.4465 0.0385 0.039
0 0.756 0.6646666666666666 0.029500000000000002 0.04133333333333333
0 0.761 0.5168333333333334 0.0315 0.03966666666666666
0 0.770875 0.5778333333333333 0.03725 0.047
