0 0.3955 0.4515 0.034 0.048999999999999995
0 0.407625 0.387 0.035250000000000004 0.049999999999999996
0 0.411125 0.5236666666666666 0.03675 0.04666666666666666
0 0.426 0.33816666666666667 0.036000000000000004 0.04766666666666666
0 0.431 0.45166666666666666 0.0305 0.044
0 0.441875 0.39266666666666666 0.03775 0.048666666666666664
0 0.457625 0.5205 0.035250000000000004 0.051666666666666666
0 0.46375 0.347 0.038 0.04933333333333333
0 0.465 0.30316666666666664 0.033 0.04433333333333333
0 0.467375 0.5876666666666667 0.03275 0.04533333333333333
0 0.470125 0.4603333333333333 0.03775 0.048666666666666664
0 0.483375 0.41633333333333333 0.03225 0.044
0 0.498125 0.5335 0.03675 0.048999999999999995
0 0.503625 0.31216666666666665 0.03975 0.048999999999999995
0 0.502875 0.5855 0.035750000000000004 0.041
0 0.503625 0.6413333333333333 0.03225 0.046
0 0.508375 0.48483333333333334 0.03425 0.045
0 0.521625 0.2648333333333333 0.035750000000000004 0.04566666666666667
0 0.52325 0.41133333333333333 0.0385 0.048666666666666664
0 0.522 0.351 0.035500000000000004 0.04733333333333333
0 0.5387500000000001 0.5345 0.036000000000000004 0.04633333333333333
0 0.5407500000000001 0.6523333333333333 0.038 0.051333333333333335
0 0.541625 0.6044999999999999 0.03675 0.047
0 0.5435 0.3065 0.0345 0.04433333333333333
0 0.557625 0.4718333333333333 0.03725 0.04433333333333333
0 0.56225 0.34299999999999997 0.0385 0.04933333333333333
0 0.561375 0.2578333333333333 0.03325 0.043666666666666666
0 0.56225 0.4085 0.034 0.043666666666666666
0 0.568125 0.5148333333333334 0.03475 0.04566666666666667
0 0.57825 0.5746666666666667 0.034 0.049999999999999996
0 0.5806250000000001 0.6403333333333333 0.035750000000000004 0.04733333333333333
0 0.58725 0.3015 0.0375 0.049666666666666665
0 0.58525 0.7106666666666667 0.0325 0.04533333333333333
0 0.6005 0.4455 0.035 0.04566666666666667
0 0.605625 0.388 0.03925 0.046
0 0.603375 0.23366666666666666 0.03425 0.046
0 0.610625 0.6121666666666666 0.03825 0.049666666666666665
0 0.611125 0.6689999999999999 0.03625 0.050666666666666665
0 0.61225 0.5616666666666666 0.031 0.041999999999999996
0 0.614625 0.34099999999999997 0.03325 0.046
0 0.62125 0.7354999999999999 0.0325 0.04833333333333333
0 0.627125 0.28783333333333333 0.03375 0.04566666666666667
0 0.629875 0.49183333333333334 0.03425 0.04633333333333333
0 0.64825 0.6555 0.0385 0.053
0 0.6501250000000001 0.5361666666666667 0.04075 0.05233333333333333
0 0.653625 0.42983333333333335 0.03425 0.04433333333333333
0 0.6587500000000001 0.6043333333333333 0.033 0.04733333333333333
0 0.66 0.31083333333333335 0.0345 0.042333333333333334
0 0.665375 0.7131666666666666 0.03875 0.05366666666666667
0 0.6657500000000001 0.23283333333333334 0.039 0.04766666666666666
0 0.674 0.36866666666666664 0.035 0.04466666666666667
0 0.691125 0.46199999999999997 0.03975 0.05533333333333333
0 0.6950000000000001 0.5476666666666666 0.0405 0.050666666666666665
0 0.696625 0.6283333333333333 0.03425 0.04733333333333333
0 0.6970000000000001 0.6746666666666666 0.0325 0.042666666666666665
0 0.70125 0.26966666666666667 0.0395 0.05266666666666667
0 0.707875 0.4111666666666667 0.035250000000000004 0.04566666666666667
0 0.7095 0.3416666666666667 0.0345 0.042666666666666665
0 0.73175 0.495 0.0315 0.046
0 0.740375 0.4475 0.04025 0.05366666666666667
0 0.742375 0.6558333333333333 0.04125 0.055
0 0.745125 0.3203333333333333 0.03825 0.05333333333333333
0 0.75325 0.586 0.0365 0.04666666666666666
0 0.76975 0.38 0.0335 0.04666666666666666
0 0.7821250000000001 0.5413333333333333 0.03725 0.04666666666666666
0 0.788 0.47883333333333333 0.042 0.05633333333333333
