0 0.29433333333333334 0.761875 0.04133333333333333 0.03625
0 0.295 0.7115 0.04066666666666666 0.035500000000000004
0 0.30633333333333335 0.66625 0.048666666666666664 0.0385
0 0.3188333333333333 0.63225 0.041666666666666664 0.034
0 0.3233333333333333 0.593875 0.04066666666666666 0.03075
0 0.3406666666666667 0.7771250000000001 0.05266666666666667 0.03725
0 0.3465 0.700125 0.042333333333333334 0.03375
0 0.3555 0.74275 0.050333333333333334 0.036000000000000004
0 0.35566666666666663 0.657125 0.036 0.03175
0 0.36516666666666664 0.618125 0.04633333333333333 0.03625
0 0.3705 0.5775 0.043 0.034
0 0.3988333333333333 0.76425 0.04833333333333333 0.037
0 0.4038333333333333 0.7165 0.053 0.037
0 0.40399999999999997 0.6773750000000001 0.04666666666666666 0.03625
0 0.4083333333333333 0.813875 0.046 0.03675
0 0.408 0.592375 0.03733333333333333 0.029750000000000002
0 0.41683333333333333 0.537625 0.04633333333333333 0.03225
0 0.419 0.628625 0.04733333333333333 0.03675
0 0.44916666666666666 0.511875 0.042333333333333334 0.03125
0 0.45816666666666667 0.7322500000000001 0.049666666666666665 0.037
0 0.474 0.785625 0.05266666666666667 0.03875
0 0.4728333333333333 0.67275 0.04433333333333333 0.033
0 0.475 0.55675 0.04533333333333333 0.0345
0 0.48483333333333334 0.638875 0.043666666666666666 0.03325
0 0.48766666666666664 0.593125 0.044 0.03325
0 0.49366666666666664 0.481 0.04133333333333333 0.032
0 0.5038333333333334 0.51925 0.045 0.035
0 0.5215 0.740375 0.042333333333333334 0.035250000000000004
0 0.523 0.6185 0.044 0.0345
0 0.5251666666666667 0.70175 0.043 0.0345
0 0.5305 0.651375 0.047 0.03175
0 0.5376666666666666 0.564625 0.043333333333333335 0.03825
0 0.5455 0.7907500000000001 0.04833333333333333 0.035500000000000004
0 0.5445 0.482125 0.041666666666666664 0.03125
0 0.5465 0.5325 0.04433333333333333 0.032
0 0.5591666666666667 0.453625 0.043666666666666666 0.02725
0 0.5798333333333333 0.65325 0.041666666666666664 0.0315
0 0.5908333333333333 0.620375 0.04766666666666666 0.035750000000000004
0 0.5965 0.7126250000000001 0.04833333333333333 0.03675
0 0.593 0.506375 0.03933333333333333 0.03125
0 0.5945 0.47675 0.041666666666666664 0.0315
0 0.6006666666666667 0.7485 0.049999999999999996 0.0375
0 0.6158333333333333 0.570375 0.043 0.03225
0 0.6183333333333333 0.79225 0.042666666666666665 0.032
0 0.6425 0.547875 0.03966666666666666 0.03075
0 0.6433333333333333 0.5982500000000001 0.04066666666666666 0.033
0 0.6423333333333333 0.484125 0.03866666666666667 0.03075
0 0.6496666666666666 0.71575 0.042666666666666665 0.0335
0 0.6543333333333333 0.67275 0.04933333333333333 0.038
0 0.6575 0.7575000000000001 0.041666666666666664 0.0345
0 0.6636666666666666 0.63875 0.041999999999999996 0.0325
0 0.6808333333333333 0.5325 0.04033333333333333 0.03
0 0.6871666666666666 0.5705 0.043 0.034
0 0.708 0.61425 0.043333333333333335 0.037
0 0.707 0.655625 0.04 0.03175
0 0.7163333333333333 0.702125 0.048666666666666664 0.03725
0 0.7256666666666667 0.552875 0.046 0.029750000000000002
0 0.7471666666666666 0.592 0.03966666666666666 0.03
0 0.7668333333333333 0.68375 0.047 0.035
0 0.7955 0.651 0.041 0.033
0 0.8095 0.5962500000000001 0.039 0.032
