0 0.2688333333333333 0.784125 0.03966666666666666 0.03325
0 0.29416666666666663 0.751625 0.041666666666666664 0.03325
0 0.29566666666666663 0.716125 0.04133333333333333 0.03375
0 0.3065 0.666875 0.041 0.03175
0 0.30683333333333335 0.634875 0.03966666666666666 0.03075
0 0.3215 0.789125 0.04633333333333333 0.035250000000000004
0 0.325 0.83025 0.042666666666666665 0.0305
0 0.3295 0.7575000000000001 0.034333333333333334 0.0285
0 0.345 0.6775 0.044 0.032
0 0.3516666666666666 0.614625 0.03666666666666667 0.02725
0 0.36066666666666664 0.6481250000000001 0.03933333333333333 0.03175
0 0.36483333333333334 0.81375 0.04633333333333333 0.035500000000000004
0 0.36266666666666664 0.777875 0.041999999999999996 0.03425
0 0.36216666666666664 0.71625 0.039 0.031
0 0.3835 0.8466250000000001 0.04566666666666667 0.03375
0 0.3853333333333333 0.586125 0.04466666666666667 0.03175
0 0.3905 0.629375 0.041666666666666664 0.03175
0 0.39399999999999996 0.6950000000000001 0.036 0.0285
0 0.39449999999999996 0.659125 0.035666666666666666 0.02775
0 0.4038333333333333 0.759875 0.043666666666666666 0.03375
0 0.41 0.803625 0.04533333333333333 0.03375
0 0.4098333333333333 0.724 0.03833333333333333 0.031
0 0.42666666666666664 0.8365 0.044 0.035500000000000004
0 0.42783333333333334 0.64225 0.03833333333333333 0.03
0 0.4333333333333333 0.877125 0.04533333333333333 0.03475
0 0.43083333333333335 0.577375 0.039 0.029750000000000002
0 0.43 0.673625 0.035333333333333335 0.02925
0 0.444 0.70475 0.04133333333333333 0.031
0 0.45499999999999996 0.7681250000000001 0.03733333333333333 0.03075
0 0.45616666666666666 0.6205 0.03966666666666666 0.03
0 0.45849999999999996 0.7345 0.039 0.029500000000000002
0 0.4593333333333333 0.80675 0.03933333333333333 0.032
0 0.4725 0.6743750000000001 0.042333333333333334 0.03175
0 0.47383333333333333 0.58925 0.043666666666666666 0.032
0 0.479 0.841125 0.046 0.035750000000000004
0 0.47883333333333333 0.54975 0.041 0.0315
0 0.48516666666666663 0.6415 0.03966666666666666 0.0305
0 0.48933333333333334 0.877 0.042666666666666665 0.0315
0 0.5016666666666667 0.698875 0.04 0.02925
0 0.5038333333333334 0.729875 0.041666666666666664 0.03225
0 0.5053333333333333 0.615375 0.03933333333333333 0.02825
0 0.52 0.559125 0.035333333333333335 0.02625
0 0.5225 0.649375 0.04033333333333333 0.03175
0 0.5281666666666667 0.789875 0.041 0.03225
0 0.5315 0.8255 0.043 0.035500000000000004
0 0.5315 0.5876250000000001 0.043 0.03275
0 0.53 0.75875 0.03733333333333333 0.0285
0 0.5366666666666666 0.865375 0.046 0.035250000000000004
0 0.5435 0.677 0.04433333333333333 0.031
0 0.5475 0.62 0.041 0.03
0 0.5648333333333333 0.649375 0.042333333333333334 0.03125
0 0.5683333333333334 0.781 0.041999999999999996 0.034
0 0.573 0.816875 0.04133333333333333 0.03125
0 0.5746666666666667 0.746625 0.044 0.03425
0 0.5763333333333334 0.854375 0.044 0.03025
0 0.5825 0.59125 0.041 0.0315
0 0.583 0.680125 0.03733333333333333 0.02725
0 0.5876666666666667 0.715 0.041999999999999996 0.033
0 0.5935 0.62625 0.04033333333333333 0.03
0 0.607 0.654 0.042666666666666665 0.029500000000000002
0 0.61 0.77125 0.03733333333333333 0.0305
0 0.6188333333333333 0.802875 0.03966666666666666 0.03075
0 0.62 0.60175 0.03866666666666667 0.0265
0 0.6221666666666666 0.68325 0.03833333333333333 0.0285
0 0.6288333333333334 0.8442500000000001 0.042333333333333334 0.0335
0 0.646 0.6587500000000001 0.04133333333333333 0.0315
0 0.6481666666666667 0.715 0.042333333333333334 0.033
0 0.6513333333333333 0.6255000000000001 0.04733333333333333 0.0315
0 0.6563333333333333 0.747 0.03666666666666667 0.0285
0 0.6611666666666667 0.7821250000000001 0.039 0.03125
0 0.6891666666666666 0.723875 0.043 0.03375
0 0.6903333333333334 0.6723750000000001 0.04 0.03025
0 0.6996666666666667 0.75475 0.044 0.0315
0 0.7058333333333333 0.641875 0.045 0.03225
0 0.7283333333333333 0.689625 0.04533333333333333 0.03475
0 0.7403333333333333 0.770375 0.04533333333333333 0.035250000000000004
0 0.7906666666666666 0.74975 0.04 0.032
