0 0.33366666666666667 0.644375 0.041999999999999996 0.03275
0 0.3433333333333333 0.677 0.042666666666666665 0.03
0 0.3456666666666667 0.615375 0.04133333333333333 0.02875
0 0.3476666666666667 0.568875 0.04133333333333333 0.03175
0 0.3705 0.716125 0.042333333333333334 0.03375
0 0.37666666666666665 0.5435 0.04066666666666666 0.031
0 0.389 0.64625 0.04133333333333333 0.033
0 0.3908333333333333 0.5786250000000001 0.035666666666666666 0.02825
0 0.3948333333333333 0.68725 0.041 0.034
0 0.40166666666666667 0.6115 0.04066666666666666 0.031
0 0.4115 0.717 0.043666666666666666 0.03
0 0.41533333333333333 0.74975 0.04733333333333333 0.035
0 0.41683333333333333 0.522375 0.037 0.02775
0 0.42283333333333334 0.5543750000000001 0.04033333333333333 0.03125
0 0.42633333333333334 0.659125 0.03933333333333333 0.03075
0 0.4425 0.6228750000000001 0.04033333333333333 0.03225
0 0.4415 0.584875 0.037 0.02875
0 0.446 0.690375 0.04066666666666666 0.03225
0 0.45166666666666666 0.504875 0.04066666666666666 0.03075
0 0.45749999999999996 0.73175 0.04433333333333333 0.034
0 0.45916666666666667 0.534625 0.039 0.02875
0 0.4638333333333333 0.766625 0.03833333333333333 0.029750000000000002
0 0.472 0.564625 0.04 0.029750000000000002
0 0.47933333333333333 0.59275 0.04133333333333333 0.03
0 0.483 0.670125 0.041999999999999996 0.03225
0 0.48483333333333334 0.62625 0.043 0.0325
0 0.485 0.704 0.03933333333333333 0.0305
0 0.5013333333333333 0.536375 0.043333333333333335 0.03175
0 0.5018333333333334 0.742 0.041666666666666664 0.033
0 0.5038333333333334 0.504 0.041 0.0315
0 0.5085 0.774375 0.03966666666666666 0.03175
0 0.5106666666666666 0.568875 0.04133333333333333 0.03075
0 0.5236666666666666 0.602125 0.04 0.03075
0 0.5256666666666666 0.70525 0.041999999999999996 0.03
0 0.5256666666666666 0.636125 0.041999999999999996 0.03325
0 0.5261666666666667 0.66925 0.041 0.032
0 0.5433333333333333 0.511875 0.04133333333333333 0.03225
0 0.5469999999999999 0.54125 0.038 0.029
0 0.5565 0.57875 0.04433333333333333 0.034
0 0.5575 0.76575 0.041666666666666664 0.032
0 0.5606666666666666 0.6145 0.04133333333333333 0.0335
0 0.5688333333333333 0.646625 0.043 0.03225
0 0.5746666666666667 0.679 0.042666666666666665 0.034
0 0.5773333333333334 0.723125 0.04533333333333333 0.03625
0 0.5845 0.5251250000000001 0.04033333333333333 0.03175
0 0.5908333333333333 0.557125 0.03766666666666667 0.02925
0 0.6006666666666667 0.5896250000000001 0.042666666666666665 0.03275
0 0.6028333333333333 0.625875 0.04566666666666667 0.03475
0 0.609 0.6615 0.04 0.0315
0 0.6116666666666667 0.757625 0.042666666666666665 0.03275
0 0.6136666666666667 0.704375 0.03666666666666667 0.02825
0 0.6323333333333333 0.54 0.04133333333333333 0.0325
0 0.6443333333333333 0.5700000000000001 0.041999999999999996 0.032
0 0.6445 0.604875 0.041666666666666664 0.03125
0 0.6435 0.7345 0.03766666666666667 0.032
0 0.6516666666666666 0.637625 0.043333333333333335 0.03025
0 0.6511666666666667 0.66925 0.03966666666666666 0.03
0 0.6658333333333333 0.704875 0.04433333333333333 0.03125
0 0.6866666666666666 0.591875 0.04133333333333333 0.03325
0 0.708 0.625875 0.042666666666666665 0.03475
0 0.7085 0.6627500000000001 0.041666666666666664 0.034
