0 0.492375 0.4691666666666667 0.02875 0.03766666666666667
0 0.4975 0.435 0.0265 0.036
0 0.50675 0.5355 0.029500000000000002 0.039
0 0.5115000000000001 0.36 0.025500000000000002 0.035333333333333335
0 0.513 0.4953333333333333 0.0265 0.034666666666666665
0 0.520875 0.45616666666666666 0.03025 0.03966666666666666
0 0.528625 0.5663333333333334 0.02775 0.04066666666666666
0 0.531375 0.41816666666666663 0.03225 0.043
0 0.534875 0.5268333333333333 0.02725 0.03833333333333333
0 0.539625 0.379 0.02925 0.03933333333333333
0 0.541875 0.487 0.03375 0.04066666666666666
0 0.549 0.5975 0.029500000000000002 0.03966666666666666
0 0.55325 0.44366666666666665 0.0315 0.041999999999999996
0 0.5583750000000001 0.3085 0.03125 0.03966666666666666
0 0.55875 0.5611666666666667 0.03 0.042333333333333334
0 0.564875 0.40166666666666667 0.03125 0.04133333333333333
0 0.565375 0.51 0.02925 0.035333333333333335
0 0.565375 0.3516666666666666 0.02925 0.046
0 0.576375 0.4735 0.03025 0.041
0 0.5786250000000001 0.5966666666666667 0.03075 0.04133333333333333
0 0.582875 0.645 0.03075 0.042666666666666665
0 0.5845 0.436 0.033 0.04066666666666666
0 0.58575 0.286 0.03 0.04066666666666666
0 0.59 0.5631666666666666 0.031 0.033
0 0.5896250000000001 0.329 0.02825 0.03733333333333333
0 0.5935 0.3958333333333333 0.0315 0.04033333333333333
0 0.594625 0.5106666666666666 0.02875 0.04
0 0.6052500000000001 0.35633333333333334 0.03 0.035333333333333335
0 0.606375 0.46799999999999997 0.03025 0.04133333333333333
0 0.6095 0.5891666666666666 0.0305 0.041666666666666664
0 0.614125 0.2813333333333333 0.029750000000000002 0.03866666666666667
0 0.614625 0.5475 0.03075 0.041666666666666664
0 0.616125 0.6315 0.03075 0.041
0 0.6165 0.4305 0.028 0.03766666666666667
0 0.619375 0.32316666666666666 0.03025 0.037
0 0.623125 0.23983333333333332 0.03125 0.03966666666666666
0 0.625875 0.3938333333333333 0.02875 0.03966666666666666
0 0.629875 0.5043333333333333 0.03125 0.03866666666666667
0 0.62975 0.6683333333333333 0.029 0.038
0 0.6345000000000001 0.35466666666666663 0.03 0.03666666666666667
0 0.637625 0.4651666666666667 0.03175 0.042333333333333334
0 0.638875 0.6188333333333333 0.02375 0.041666666666666664
0 0.644625 0.5788333333333333 0.03075 0.041666666666666664
0 0.6451250000000001 0.42266666666666663 0.03075 0.038
0 0.649375 0.3155 0.03275 0.041666666666666664
0 0.6525 0.5398333333333333 0.0305 0.045
0 0.656 0.3838333333333333 0.033 0.041666666666666664
0 0.654375 0.23183333333333334 0.02775 0.03833333333333333
0 0.660625 0.4945 0.02875 0.03766666666666667
0 0.666125 0.3468333333333333 0.03125 0.04033333333333333
0 0.6665 0.6575 0.029 0.039
0 0.668125 0.4528333333333333 0.03075 0.041
0 0.6677500000000001 0.6121666666666666 0.03 0.042333333333333334
0 0.670875 0.2713333333333333 0.02725 0.036
0 0.677 0.41483333333333333 0.0315 0.03833333333333333
0 0.676625 0.572 0.029750000000000002 0.04133333333333333
0 0.682125 0.31016666666666665 0.03125 0.04033333333333333
0 0.68375 0.535 0.033 0.046
0 0.684875 0.382 0.02725 0.03933333333333333
0 0.68925 0.22899999999999998 0.034 0.04466666666666667
0 0.6900000000000001 0.4795 0.0305 0.037
0 0.696125 0.6538333333333333 0.03175 0.04433333333333333
0 0.6985 0.3431666666666667 0.0325 0.042333333333333334
0 0.6990000000000001 0.6084999999999999 0.027 0.04033333333333333
0 0.702125 0.2663333333333333 0.02875 0.04066666666666666
0 0.707875 0.4383333333333333 0.035250000000000004 0.041999999999999996
0 0.70675 0.5616666666666666 0.0285 0.03866666666666667
0 0.7165 0.5211666666666667 0.0345 0.041666666666666664
0 0.7145 0.30733333333333335 0.0285 0.036
0 0.717375 0.385 0.03425 0.04466666666666667
0 0.721625 0.48216666666666663 0.03325 0.04433333333333333
0 0.72675 0.23349999999999999 0.034 0.041
0 0.729875 0.5881666666666666 0.03025 0.03833333333333333
0 0.7302500000000001 0.3456666666666667 0.029 0.04133333333333333
0 0.735625 0.6356666666666666 0.03125 0.03733333333333333
0 0.7415 0.5533333333333333 0.0345 0.04133333333333333
0 0.741125 0.27799999999999997 0.02875 0.035333333333333335
0 0.749375 0.4548333333333333 0.03025 0.03833333333333333
0 0.752125 0.41716666666666663 0.03125 0.03966666666666666
0 0.756375 0.31916666666666665 0.03175 0.04033333333333333
0 0.763375 0.36383333333333334 0.03025 0.039
0 0.76425 0.5215 0.029 0.039
0 0.765 0.6246666666666666 0.03 0.03866666666666667
0 0.772 0.27516666666666667 0.033 0.041666666666666664
0 0.777875 0.48383333333333334 0.03175 0.04033333333333333
0 0.7817500000000001 0.3978333333333333 0.032 0.042333333333333334
0 0.780625 0.5596666666666666 0.02875 0.034666666666666665
0 0.78925 0.4378333333333333 0.031 0.042333333333333334
0 0.792625 0.3418333333333333 0.02825 0.03766666666666667
0 0.803625 0.5313333333333333 0.03725 0.04466666666666667
0 0.8083750000000001 0.49116666666666664 0.03275 0.042333333333333334
0 0.821625 0.45366666666666666 0.03375 0.04466666666666667
0 0.81925 0.40099999999999997 0.0285 0.04
0 0.82875 0.355 0.031 0.038
