0 0.464625 0.48766666666666664 0.03475 0.046
0 0.4685 0.4413333333333333 0.036000000000000004 0.04666666666666666
0 0.484125 0.5746666666666667 0.03475 0.04533333333333333
0 0.48725 0.35616666666666663 0.0345 0.045
0 0.49275 0.5221666666666667 0.0335 0.043666666666666666
0 0.505625 0.48033333333333333 0.03775 0.048
0 0.50825 0.6148333333333333 0.031 0.045
0 0.515 0.434 0.0395 0.054
0 0.51775 0.30783333333333335 0.035 0.049666666666666665
0 0.525875 0.37516666666666665 0.03825 0.051666666666666666
0 0.52875 0.5225 0.041 0.05233333333333333
0 0.52475 0.5695 0.033 0.043
0 0.5337500000000001 0.655 0.0345 0.04533333333333333
0 0.544625 0.46366666666666667 0.03675 0.049999999999999996
0 0.545 0.6121666666666666 0.0365 0.04833333333333333
0 0.55125 0.31816666666666665 0.036000000000000004 0.05233333333333333
0 0.557125 0.413 0.03675 0.048
0 0.563375 0.5439999999999999 0.03175 0.042666666666666665
0 0.56575 0.711 0.0345 0.04933333333333333
0 0.5700000000000001 0.6518333333333333 0.037 0.047
0 0.5700000000000001 0.36783333333333335 0.0365 0.04766666666666666
0 0.573625 0.5013333333333333 0.03725 0.048666666666666664
0 0.58325 0.45249999999999996 0.035 0.04633333333333333
0 0.58575 0.6084999999999999 0.03 0.041666666666666664
0 0.594625 0.4033333333333333 0.03775 0.04733333333333333
0 0.59775 0.28933333333333333 0.0345 0.044
0 0.599 0.5479999999999999 0.0335 0.04533333333333333
0 0.607625 0.3471666666666667 0.03175 0.041666666666666664
0 0.610375 0.6398333333333334 0.035250000000000004 0.048999999999999995
0 0.6138750000000001 0.6866666666666666 0.035250000000000004 0.048666666666666664
0 0.61625 0.586 0.038 0.048666666666666664
0 0.61425 0.2368333333333333 0.0335 0.045
0 0.61575 0.4915 0.034 0.049666666666666665
0 0.6185 0.7324999999999999 0.033 0.04633333333333333
0 0.62475 0.4433333333333333 0.0325 0.043333333333333335
0 0.629375 0.3983333333333333 0.03275 0.044
0 0.63575 0.5361666666666667 0.031 0.043
0 0.6471250000000001 0.2815 0.03725 0.04766666666666666
0 0.644625 0.22666666666666666 0.03225 0.04133333333333333
0 0.6431250000000001 0.6715 0.02925 0.04433333333333333
0 0.647 0.32616666666666666 0.0325 0.042333333333333334
0 0.64975 0.476 0.035500000000000004 0.048666666666666664
0 0.652875 0.6268333333333334 0.03275 0.04766666666666666
0 0.658375 0.42716666666666664 0.03125 0.042333333333333334
0 0.664125 0.36783333333333335 0.03775 0.04633333333333333
0 0.665375 0.5805 0.03725 0.050333333333333334
0 0.662625 0.732 0.02925 0.04133333333333333
0 0.66925 0.5153333333333333 0.032 0.043333333333333335
0 0.6783750000000001 0.6766666666666666 0.03175 0.04733333333333333
0 0.681 0.3268333333333333 0.035 0.04566666666666667
0 0.6833750000000001 0.2683333333333333 0.03325 0.042666666666666665
0 0.684125 0.471 0.03375 0.046
0 0.689625 0.6261666666666666 0.03475 0.04766666666666666
0 0.693125 0.4225 0.03275 0.042333333333333334
0 0.6955 0.7396666666666667 0.035 0.04666666666666666
0 0.7010000000000001 0.5825 0.0365 0.050333333333333334
0 0.6990000000000001 0.36633333333333334 0.0315 0.042666666666666665
0 0.70675 0.5101666666666667 0.031 0.043
0 0.709125 0.30233333333333334 0.03175 0.044
0 0.7095 0.6918333333333333 0.03 0.042333333333333334
0 0.7196250000000001 0.47 0.03375 0.04933333333333333
0 0.724375 0.4096666666666667 0.035750000000000004 0.04666666666666666
0 0.725125 0.3468333333333333 0.03225 0.042333333333333334
0 0.727875 0.6271666666666667 0.03425 0.04766666666666666
0 0.73375 0.732 0.032 0.046
0 0.7388750000000001 0.5315 0.03775 0.050333333333333334
0 0.74075 0.5808333333333333 0.0385 0.051
0 0.74 0.6761666666666667 0.0315 0.04433333333333333
0 0.74775 0.2815 0.0375 0.04766666666666666
0 0.75675 0.32416666666666666 0.0305 0.04033333333333333
0 0.76075 0.6298333333333334 0.0375 0.050333333333333334
0 0.764875 0.49466666666666664 0.035250000000000004 0.046
0 0.764125 0.4488333333333333 0.03325 0.04633333333333333
0 0.764125 0.3773333333333333 0.03225 0.042666666666666665
0 0.76975 0.7313333333333333 0.033 0.043333333333333335
0 0.774 0.5835 0.033 0.045
0 0.788 0.5393333333333333 0.035 0.043333333333333335
0 0.792375 0.34883333333333333 0.03225 0.045
0 0.792375 0.6558333333333333 0.03025 0.041666666666666664
0 0.8013750000000001 0.43083333333333335 0.03875 0.049666666666666665
0 0.80375 0.4785 0.036000000000000004 0.050333333333333334
0 0.809125 0.571 0.03675 0.048666666666666664
0 0.81 0.6183333333333333 0.0375 0.049999999999999996
0 0.827875 0.5271666666666667 0.03625 0.049666666666666665
0 0.840375 0.47333333333333333 0.03225 0.044
0 0.845125 0.3905 0.03225 0.041666666666666664
