0 0.2593333333333333 0.74625 0.04733333333333333 0.036000000000000004
0 0.27849999999999997 0.6825 0.04566666666666667 0.034
0 0.283 0.81075 0.04466666666666667 0.0335
0 0.30266666666666664 0.629875 0.044 0.03425
0 0.30816666666666664 0.728625 0.04566666666666667 0.03225
0 0.3225 0.673625 0.047 0.03725
0 0.328 0.771625 0.042666666666666665 0.03325
0 0.33299999999999996 0.58875 0.046 0.035
0 0.33816666666666667 0.547125 0.041 0.03125
0 0.3431666666666667 0.822375 0.043 0.03475
0 0.3453333333333333 0.70525 0.04533333333333333 0.0325
0 0.353 0.62125 0.04533333333333333 0.0345
0 0.35616666666666663 0.7438750000000001 0.043666666666666666 0.03325
0 0.3715 0.665 0.047 0.0365
0 0.37116666666666664 0.51725 0.03966666666666666 0.032
0 0.37416666666666665 0.790375 0.043666666666666666 0.03225
0 0.37966666666666665 0.595 0.046 0.035
0 0.38966666666666666 0.711125 0.04933333333333333 0.035750000000000004
0 0.39066666666666666 0.555625 0.043333333333333335 0.03225
0 0.4041666666666667 0.63525 0.041 0.031
0 0.4071666666666667 0.760375 0.043666666666666666 0.03325
0 0.409 0.836375 0.04066666666666666 0.03175
0 0.42383333333333334 0.52125 0.041666666666666664 0.0315
0 0.42883333333333334 0.665 0.04766666666666666 0.036000000000000004
0 0.43916666666666665 0.552125 0.051 0.03675
0 0.44366666666666665 0.805125 0.049999999999999996 0.03675
0 0.4428333333333333 0.7242500000000001 0.045 0.0345
0 0.45516666666666666 0.5895 0.045 0.032
0 0.4598333333333333 0.483 0.04433333333333333 0.033
0 0.46499999999999997 0.845125 0.048666666666666664 0.03625
0 0.4698333333333333 0.7635000000000001 0.051 0.0385
0 0.472 0.520875 0.048666666666666664 0.03475
0 0.476 0.63725 0.043333333333333335 0.0345
0 0.48533333333333334 0.674 0.04933333333333333 0.0395
0 0.49616666666666664 0.717375 0.049666666666666665 0.03825
0 0.496 0.805125 0.044 0.03275
0 0.5043333333333333 0.597125 0.048666666666666664 0.03675
0 0.5043333333333333 0.559125 0.048 0.03725
0 0.511 0.4685 0.041999999999999996 0.0285
0 0.5153333333333333 0.841875 0.04933333333333333 0.03775
0 0.5268333333333333 0.5275 0.051666666666666666 0.0365
0 0.5283333333333333 0.648625 0.042666666666666665 0.03375
0 0.5445 0.7775 0.050333333333333334 0.0385
0 0.5501666666666667 0.6865 0.045 0.032
0 0.5558333333333333 0.6115 0.05366666666666667 0.0365
0 0.5521666666666667 0.81925 0.04566666666666667 0.037
0 0.5565 0.576375 0.047 0.03625
0 0.5695 0.7255 0.04633333333333333 0.032
0 0.5731666666666666 0.8582500000000001 0.051666666666666666 0.037
0 0.5788333333333333 0.47325 0.041666666666666664 0.0305
0 0.5841666666666666 0.5337500000000001 0.048999999999999995 0.0365
0 0.5965 0.67125 0.050333333333333334 0.0375
0 0.6038333333333333 0.775875 0.045 0.03675
0 0.608 0.63225 0.042666666666666665 0.032
0 0.6101666666666666 0.585 0.04633333333333333 0.034
0 0.6158333333333333 0.498125 0.04766666666666666 0.03475
0 0.6194999999999999 0.7235 0.047 0.035500000000000004
0 0.631 0.8153750000000001 0.04733333333333333 0.035750000000000004
0 0.6403333333333333 0.5583750000000001 0.04933333333333333 0.035250000000000004
0 0.646 0.852125 0.04733333333333333 0.03675
0 0.6516666666666666 0.610625 0.048666666666666664 0.03875
0 0.6538333333333333 0.691625 0.04833333333333333 0.03775
0 0.6548333333333333 0.783 0.049666666666666665 0.0385
0 0.6643333333333333 0.649 0.04466666666666667 0.0335
0 0.6776666666666666 0.51375 0.04666666666666666 0.036000000000000004
0 0.6798333333333333 0.577875 0.043 0.03225
0 0.7028333333333333 0.721625 0.04566666666666667 0.03425
0 0.7038333333333333 0.807625 0.043 0.03375
0 0.7168333333333333 0.67625 0.051666666666666666 0.0395
0 0.7193333333333333 0.757125 0.044 0.03475
0 0.7266666666666667 0.63525 0.048666666666666664 0.0375
0 0.7256666666666667 0.6005 0.04533333333333333 0.0345
0 0.759 0.715375 0.04733333333333333 0.03675
0 0.78 0.557625 0.041999999999999996 0.03125
0 0.7866666666666666 0.670875 0.052 0.03975
0 0.7996666666666666 0.62825 0.044 0.0335
0 0.8038333333333333 0.59475 0.045 0.0345
