0 0.2385 0.800625 0.04766666666666666 0.03225
0 0.2513333333333333 0.671625 0.04 0.03075
0 0.2533333333333333 0.727 0.041999999999999996 0.03
0 0.27699999999999997 0.63575 0.04 0.0335
0 0.2876666666666667 0.709125 0.03733333333333333 0.03175
0 0.2891666666666667 0.59575 0.037 0.029
0 0.30183333333333334 0.8365 0.042333333333333334 0.03
0 0.3 0.76275 0.03666666666666667 0.0285
0 0.30583333333333335 0.658375 0.039 0.03225
0 0.3203333333333333 0.56 0.03866666666666667 0.029
0 0.32466666666666666 0.725875 0.035333333333333335 0.02625
0 0.3288333333333333 0.80375 0.039 0.0305
0 0.3285 0.627125 0.03833333333333333 0.03225
0 0.3401666666666667 0.688125 0.042333333333333334 0.03275
0 0.3411666666666667 0.5896250000000001 0.039 0.02875
0 0.345 0.76575 0.035333333333333335 0.0285
0 0.3545 0.659125 0.031 0.02775
0 0.36516666666666664 0.546625 0.03766666666666667 0.02825
0 0.371 0.722 0.04066666666666666 0.0315
0 0.3805 0.834125 0.041 0.02925
0 0.382 0.511375 0.03733333333333333 0.025750000000000002
0 0.38666666666666666 0.7985 0.03866666666666667 0.0285
0 0.39266666666666666 0.677 0.04066666666666666 0.0335
0 0.3948333333333333 0.615 0.041 0.0285
0 0.41083333333333333 0.579125 0.042333333333333334 0.03475
0 0.412 0.758375 0.03933333333333333 0.03025
0 0.4131666666666666 0.641625 0.037 0.02875
0 0.42083333333333334 0.53525 0.03833333333333333 0.032
0 0.428 0.49075 0.041999999999999996 0.028
0 0.441 0.716125 0.041999999999999996 0.03125
0 0.45749999999999996 0.605125 0.043 0.03125
0 0.45466666666666666 0.823125 0.03666666666666667 0.02875
0 0.4681666666666667 0.6615 0.04433333333333333 0.034
0 0.471 0.523625 0.042666666666666665 0.03275
0 0.47333333333333333 0.564625 0.046 0.03475
0 0.4855 0.7927500000000001 0.042333333333333334 0.033
0 0.4915 0.628625 0.043666666666666666 0.03025
0 0.493 0.742375 0.044 0.03375
0 0.508 0.470875 0.041999999999999996 0.02875
0 0.5085 0.6895 0.043 0.035
0 0.5195 0.821625 0.043666666666666666 0.03225
0 0.5273333333333333 0.609125 0.043333333333333335 0.03325
0 0.534 0.569375 0.041999999999999996 0.03225
0 0.5403333333333333 0.780625 0.038 0.02925
0 0.5511666666666667 0.519625 0.042333333333333334 0.03125
0 0.5668333333333333 0.638 0.04033333333333333 0.031
0 0.5688333333333333 0.74 0.043 0.0345
0 0.571 0.473125 0.044 0.03325
0 0.5746666666666667 0.809875 0.042666666666666665 0.03425
0 0.5793333333333334 0.67825 0.03933333333333333 0.031
0 0.5965 0.772375 0.03966666666666666 0.03175
0 0.6048333333333333 0.569625 0.045 0.03225
0 0.6074999999999999 0.6185 0.043 0.032
0 0.6263333333333333 0.53725 0.044 0.0325
0 0.6283333333333333 0.814625 0.04466666666666667 0.03425
0 0.6288333333333334 0.7205 0.042333333333333334 0.0335
0 0.6278333333333334 0.673125 0.03833333333333333 0.03175
0 0.6386666666666666 0.639125 0.043333333333333335 0.03175
0 0.6538333333333333 0.49112500000000003 0.043666666666666666 0.029750000000000002
0 0.6621666666666667 0.7545000000000001 0.03966666666666666 0.0315
0 0.6643333333333333 0.613 0.03666666666666667 0.0305
0 0.6741666666666667 0.720375 0.043666666666666666 0.03325
0 0.6715 0.557625 0.036333333333333336 0.02875
0 0.6893333333333334 0.781375 0.04 0.03125
0 0.7038333333333333 0.659125 0.03833333333333333 0.03025
0 0.7075 0.6238750000000001 0.041 0.03225
0 0.7111666666666666 0.520375 0.03766666666666667 0.029750000000000002
0 0.7225 0.736 0.04033333333333333 0.029
0 0.7266666666666667 0.595375 0.04066666666666666 0.03375
0 0.731 0.555125 0.044 0.03275
0 0.7293333333333333 0.69075 0.03666666666666667 0.03
0 0.745 0.641625 0.036 0.029750000000000002
0 0.7511666666666666 0.51 0.03966666666666666 0.027
0 0.771 0.610375 0.042666666666666665 0.03225
0 0.7839999999999999 0.5385 0.03866666666666667 0.0305
0 0.7861666666666667 0.573125 0.03766666666666667 0.02825
