0 0.22016666666666665 0.553625 0.042333333333333334 0.03275
0 0.22849999999999998 0.6188750000000001 0.043 0.03375
0 0.23183333333333334 0.5075000000000001 0.045 0.0335
0 0.2538333333333333 0.6615 0.045 0.031
0 0.26 0.702875 0.043333333333333335 0.035250000000000004
0 0.2608333333333333 0.46775 0.039 0.0315
0 0.2658333333333333 0.583375 0.03766666666666667 0.029750000000000002
0 0.2723333333333333 0.77 0.048 0.035500000000000004
0 0.27 0.535625 0.04133333333333333 0.03075
0 0.2826666666666667 0.74 0.03866666666666667 0.03
0 0.28633333333333333 0.499375 0.03733333333333333 0.03175
0 0.3105 0.615375 0.041666666666666664 0.035250000000000004
0 0.319 0.6970000000000001 0.04066666666666666 0.0305
0 0.3215 0.45637500000000003 0.04033333333333333 0.02825
0 0.3285 0.6645 0.04633333333333333 0.0335
0 0.3263333333333333 0.522 0.03933333333333333 0.0325
0 0.33549999999999996 0.573625 0.04766666666666666 0.035750000000000004
0 0.3413333333333333 0.481 0.04133333333333333 0.033
0 0.3413333333333333 0.743125 0.04066666666666666 0.03075
0 0.35483333333333333 0.781375 0.03833333333333333 0.029750000000000002
0 0.359 0.6970000000000001 0.046 0.035
0 0.3585 0.414625 0.04033333333333333 0.03225
0 0.3645 0.627875 0.03833333333333333 0.03075
0 0.3675 0.66025 0.039 0.0265
0 0.37816666666666665 0.44275000000000003 0.03166666666666666 0.029
0 0.388 0.5205 0.04533333333333333 0.035500000000000004
0 0.39349999999999996 0.802875 0.04433333333333333 0.03175
0 0.39266666666666666 0.738 0.04133333333333333 0.0325
0 0.40049999999999997 0.485 0.041666666666666664 0.0315
0 0.4028333333333333 0.563375 0.04566666666666667 0.03225
0 0.4073333333333333 0.432875 0.041999999999999996 0.03375
0 0.412 0.681875 0.04133333333333333 0.03075
0 0.41633333333333333 0.6012500000000001 0.046 0.036000000000000004
0 0.42566666666666664 0.7681250000000001 0.041999999999999996 0.03175
0 0.43816666666666665 0.51425 0.049666666666666665 0.0365
0 0.434 0.408375 0.04 0.02825
0 0.4445 0.56975 0.043666666666666666 0.033
0 0.45 0.6485 0.046 0.0345
0 0.45416666666666666 0.729375 0.045 0.03475
0 0.4623333333333333 0.8153750000000001 0.03933333333333333 0.03075
0 0.47 0.606375 0.04 0.03075
0 0.4746666666666666 0.422 0.04733333333333333 0.0345
0 0.4723333333333333 0.47975 0.04 0.03
0 0.47866666666666663 0.691125 0.04533333333333333 0.03425
0 0.4885 0.57625 0.047 0.0365
0 0.4955 0.754125 0.041 0.029750000000000002
0 0.5018333333333334 0.6505 0.04833333333333333 0.035
0 0.5033333333333333 0.722375 0.046 0.03475
0 0.5033333333333333 0.452125 0.042666666666666665 0.03025
0 0.5225 0.60875 0.04766666666666666 0.035500000000000004
0 0.5226666666666666 0.522 0.04666666666666666 0.035
0 0.5268333333333333 0.388 0.045 0.0335
0 0.5335 0.6845 0.043666666666666666 0.035500000000000004
0 0.5361666666666667 0.802875 0.041 0.02825
0 0.5445 0.486375 0.047 0.035250000000000004
0 0.5538333333333333 0.6431250000000001 0.04033333333333333 0.03075
0 0.5626666666666666 0.765 0.04533333333333333 0.035500000000000004
0 0.5636666666666666 0.713875 0.046 0.035750000000000004
0 0.568 0.54425 0.044 0.0335
0 0.5773333333333334 0.57625 0.041999999999999996 0.032
0 0.5866666666666667 0.51025 0.04666666666666666 0.034
0 0.5935 0.387375 0.043 0.03225
0 0.5935 0.7805 0.039 0.03
0 0.5955 0.67525 0.039 0.0325
0 0.6058333333333333 0.429875 0.047 0.03425
0 0.6058333333333333 0.630125 0.045 0.03375
0 0.6121666666666666 0.464875 0.04833333333333333 0.03325
0 0.6193333333333333 0.7408750000000001 0.04466666666666667 0.03475
0 0.6216666666666667 0.55175 0.041999999999999996 0.03
0 0.6256666666666666 0.586375 0.044 0.03425
0 0.6198333333333333 0.847375 0.03166666666666666 0.02625
0 0.6303333333333333 0.501 0.042666666666666665 0.0305
0 0.635 0.71075 0.04066666666666666 0.031
0 0.6381666666666667 0.795875 0.04633333333333333 0.03425
0 0.643 0.661375 0.04066666666666666 0.03225
0 0.646 0.3955 0.04133333333333333 0.0315
0 0.6606666666666666 0.534125 0.03733333333333333 0.02925
0 0.6636666666666666 0.61775 0.04 0.0305
0 0.6741666666666667 0.74775 0.045 0.035500000000000004
0 0.6815 0.47875 0.04633333333333333 0.035500000000000004
0 0.6888333333333333 0.442375 0.04833333333333333 0.035750000000000004
0 0.6955 0.700875 0.041666666666666664 0.03375
0 0.7038333333333333 0.51375 0.04433333333333333 0.031
0 0.7068333333333333 0.650875 0.04433333333333333 0.035750000000000004
0 0.708 0.5650000000000001 0.046 0.037
0 0.7271666666666666 0.46025 0.041666666666666664 0.0325
0 0.7351666666666666 0.597 0.04033333333333333 0.0305
0 0.7606666666666666 0.654375 0.03933333333333333 0.029750000000000002
0 0.7805 0.7282500000000001 0.047 0.035500000000000004
0 0.7876666666666666 0.46575 0.04533333333333333 0.0335
0 0.7898333333333333 0.6005 0.04566666666666667 0.0345
0 0.8236666666666667 0.497 0.04533333333333333 0.0345
0 0.8315 0.798125 0.041666666666666664 0.03125
0 0.8746666666666666 0.46975 0.04 0.032
