0 0.30516666666666664 0.664875 0.05433333333333333 0.03325
0 0.31016666666666665 0.633 0.04433333333333333 0.034
0 0.31866666666666665 0.697375 0.051333333333333335 0.03875
0 0.3185 0.735375 0.045 0.03625
0 0.3213333333333333 0.593125 0.04666666666666666 0.03775
0 0.3595 0.672 0.048999999999999995 0.0385
0 0.36133333333333334 0.70875 0.046 0.036000000000000004
0 0.36216666666666664 0.7935 0.042333333333333334 0.0345
0 0.36266666666666664 0.61925 0.043333333333333335 0.033
0 0.36966666666666664 0.7478750000000001 0.04533333333333333 0.03625
0 0.377 0.58375 0.04733333333333333 0.036000000000000004
0 0.3875 0.834875 0.04566666666666667 0.03875
0 0.39366666666666666 0.547 0.04933333333333333 0.036000000000000004
0 0.39866666666666667 0.64125 0.04066666666666666 0.034
0 0.40349999999999997 0.684875 0.041666666666666664 0.03375
0 0.41083333333333333 0.724375 0.04566666666666667 0.03675
0 0.4115 0.758375 0.04433333333333333 0.03425
0 0.41583333333333333 0.602125 0.050333333333333334 0.03825
0 0.435 0.570125 0.044 0.03375
0 0.444 0.527875 0.04533333333333333 0.03675
0 0.4548333333333333 0.656 0.053 0.0385
0 0.4543333333333333 0.694625 0.050666666666666665 0.03825
0 0.45999999999999996 0.616625 0.049999999999999996 0.03925
0 0.4643333333333333 0.7365 0.054 0.041
0 0.4603333333333333 0.7751250000000001 0.04533333333333333 0.03625
0 0.4673333333333333 0.838875 0.05333333333333333 0.03725
0 0.4695 0.499375 0.043666666666666666 0.03375
0 0.4765 0.55025 0.041666666666666664 0.0335
0 0.4785 0.5846250000000001 0.041666666666666664 0.03325
0 0.5043333333333333 0.802125 0.05466666666666666 0.04275
0 0.5043333333333333 0.6365000000000001 0.051333333333333335 0.038
0 0.5146666666666666 0.876375 0.05733333333333333 0.04525
0 0.5111666666666667 0.677875 0.04833333333333333 0.03775
0 0.5178333333333334 0.751625 0.05433333333333333 0.04225
0 0.5151666666666667 0.71425 0.04633333333333333 0.035500000000000004
0 0.5193333333333333 0.527875 0.043333333333333335 0.03475
0 0.5205 0.56275 0.045 0.034
0 0.5256666666666666 0.60175 0.048666666666666664 0.0365
0 0.5381666666666667 0.49275 0.03966666666666666 0.033
0 0.5538333333333333 0.651625 0.05433333333333333 0.03925
0 0.5549999999999999 0.809125 0.054 0.04075
0 0.5585 0.6900000000000001 0.04833333333333333 0.036000000000000004
0 0.5633333333333334 0.726625 0.052 0.03975
0 0.5695 0.7665000000000001 0.05233333333333333 0.0415
0 0.5648333333333333 0.5513750000000001 0.043 0.03375
0 0.57 0.58725 0.050666666666666665 0.0375
0 0.5693333333333334 0.51725 0.04133333333333333 0.0325
0 0.5813333333333334 0.623625 0.04666666666666666 0.03375
0 0.5928333333333333 0.836375 0.05566666666666666 0.04175
0 0.6021666666666666 0.48912500000000003 0.055 0.03825
0 0.5996666666666667 0.664125 0.04533333333333333 0.03425
0 0.6053333333333333 0.702875 0.050666666666666665 0.03975
0 0.606 0.79825 0.04933333333333333 0.0365
0 0.6074999999999999 0.744375 0.045 0.035250000000000004
0 0.6121666666666666 0.5275 0.04566666666666667 0.033
0 0.6136666666666667 0.562625 0.04533333333333333 0.03325
0 0.6266666666666666 0.636125 0.04933333333333333 0.03775
0 0.6413333333333333 0.598875 0.049999999999999996 0.03925
0 0.6496666666666666 0.7685 0.04933333333333333 0.039
0 0.6496666666666666 0.82325 0.048 0.0375
0 0.6501666666666667 0.50175 0.04833333333333333 0.038
0 0.6528333333333333 0.68525 0.053 0.0385
0 0.6501666666666667 0.725625 0.04033333333333333 0.03275
0 0.6643333333333333 0.552875 0.049999999999999996 0.03775
0 0.6891666666666666 0.797875 0.05366666666666667 0.04075
0 0.6923333333333334 0.746625 0.046 0.03625
0 0.694 0.706 0.04933333333333333 0.0405
0 0.6925 0.58725 0.041 0.0325
0 0.695 0.665 0.04533333333333333 0.035
0 0.695 0.520875 0.04466666666666667 0.03325
0 0.6996666666666667 0.625625 0.051333333333333335 0.04075
0 0.7303333333333333 0.5630000000000001 0.04666666666666666 0.0345
0 0.733 0.77475 0.04533333333333333 0.035
0 0.7388333333333333 0.731 0.051 0.042
0 0.7398333333333333 0.59975 0.051 0.0405
0 0.7413333333333333 0.680625 0.04533333333333333 0.03725
0 0.7528333333333334 0.6431250000000001 0.049666666666666665 0.03925
