0 0.287 0.5475 0.044 0.032
0 0.294 0.628625 0.04466666666666667 0.035750000000000004
0 0.29566666666666663 0.579 0.043333333333333335 0.033
0 0.3125 0.6555 0.042333333333333334 0.032
0 0.328 0.7262500000000001 0.044 0.035
0 0.3411666666666667 0.76575 0.043666666666666666 0.0325
0 0.3463333333333333 0.58725 0.04133333333333333 0.0315
0 0.35433333333333333 0.631375 0.042666666666666665 0.03475
0 0.366 0.529375 0.03933333333333333 0.02925
0 0.36866666666666664 0.660625 0.041999999999999996 0.03175
0 0.3715 0.6970000000000001 0.041 0.033
0 0.3905 0.7348750000000001 0.048999999999999995 0.03825
0 0.3983333333333333 0.816125 0.048 0.03725
0 0.3963333333333333 0.57125 0.04 0.031
0 0.409 0.767375 0.046 0.03325
0 0.4106666666666667 0.634875 0.04133333333333333 0.03425
0 0.41483333333333333 0.6005 0.041666666666666664 0.032
0 0.42016666666666663 0.531375 0.041666666666666664 0.03325
0 0.4215 0.672 0.04033333333333333 0.0325
0 0.4378333333333333 0.559125 0.041666666666666664 0.03425
0 0.4493333333333333 0.74625 0.048666666666666664 0.0365
0 0.4528333333333333 0.7045 0.041 0.0315
0 0.45966666666666667 0.829375 0.043333333333333335 0.03375
0 0.4588333333333333 0.615 0.04033333333333333 0.034
0 0.46366666666666667 0.51425 0.048 0.0325
0 0.4698333333333333 0.647 0.042333333333333334 0.0315
0 0.476 0.579875 0.042666666666666665 0.03225
0 0.476 0.544375 0.03933333333333333 0.03025
0 0.48433333333333334 0.7927500000000001 0.04733333333333333 0.038
0 0.496 0.71425 0.050666666666666665 0.037
0 0.5075 0.757875 0.051 0.03775
0 0.5075 0.616125 0.04433333333333333 0.03175
0 0.5106666666666666 0.480625 0.03866666666666667 0.02725
0 0.5136666666666666 0.56025 0.04133333333333333 0.0335
0 0.5143333333333333 0.52825 0.038 0.029500000000000002
0 0.52 0.6657500000000001 0.04133333333333333 0.0315
0 0.5315 0.79 0.048999999999999995 0.0375
0 0.5439999999999999 0.58725 0.04466666666666667 0.0345
0 0.5538333333333333 0.754 0.051 0.0385
0 0.5528333333333333 0.49775 0.043666666666666666 0.033
0 0.5528333333333333 0.63175 0.03966666666666666 0.0305
0 0.5601666666666667 0.715375 0.050333333333333334 0.03725
0 0.5595 0.5407500000000001 0.047 0.034
0 0.5616666666666666 0.6685 0.04466666666666667 0.034
0 0.5663333333333334 0.826375 0.049999999999999996 0.03825
0 0.584 0.569625 0.042666666666666665 0.03225
0 0.5841666666666666 0.601375 0.03966666666666666 0.03025
0 0.6013333333333333 0.7595000000000001 0.04466666666666667 0.035500000000000004
0 0.6048333333333333 0.49225 0.041 0.034
0 0.606 0.647 0.04133333333333333 0.033
0 0.6084999999999999 0.681875 0.041666666666666664 0.03275
0 0.6106666666666667 0.7185 0.043333333333333335 0.033
0 0.6121666666666666 0.5473750000000001 0.041666666666666664 0.03175
0 0.6168333333333333 0.81375 0.04566666666666667 0.035
0 0.6224999999999999 0.58875 0.042333333333333334 0.035
0 0.6408333333333334 0.61975 0.045 0.034
0 0.6486666666666666 0.66425 0.04933333333333333 0.0385
0 0.6543333333333333 0.566875 0.036 0.03075
0 0.6616666666666666 0.740375 0.04933333333333333 0.03925
0 0.659 0.7020000000000001 0.044 0.0365
0 0.6653333333333333 0.78025 0.048 0.035
0 0.6675 0.530625 0.04766666666666666 0.035750000000000004
0 0.6709999999999999 0.59475 0.04133333333333333 0.031
0 0.6798333333333333 0.640375 0.045 0.035250000000000004
0 0.695 0.681 0.042666666666666665 0.0325
0 0.7065 0.5583750000000001 0.04033333333333333 0.03125
0 0.7091666666666666 0.715375 0.042333333333333334 0.03225
0 0.7111666666666666 0.616125 0.041 0.03375
0 0.7241666666666666 0.757875 0.045 0.03475
0 0.7246666666666667 0.6545 0.04533333333333333 0.031
0 0.7464999999999999 0.6900000000000001 0.047 0.036000000000000004
0 0.7611666666666667 0.730625 0.04566666666666667 0.03475
