0 0.2543333333333333 0.6431250000000001 0.03866666666666667 0.03275
0 0.2583333333333333 0.721625 0.04066666666666666 0.03275
0 0.2668333333333333 0.686875 0.047 0.03175
0 0.27449999999999997 0.752 0.04633333333333333 0.0345
0 0.2753333333333333 0.8466250000000001 0.04733333333333333 0.03025
0 0.27366666666666667 0.56425 0.03866666666666667 0.029
0 0.2865 0.8075 0.04633333333333333 0.034
0 0.2853333333333333 0.61575 0.03933333333333333 0.0305
0 0.30266666666666664 0.78225 0.04666666666666666 0.0325
0 0.304 0.65175 0.04466666666666667 0.0325
0 0.31116666666666665 0.5387500000000001 0.043666666666666666 0.0325
0 0.309 0.7045 0.03933333333333333 0.029500000000000002
0 0.30983333333333335 0.7415 0.039 0.029
0 0.326 0.583 0.03866666666666667 0.03
0 0.33349999999999996 0.820875 0.04033333333333333 0.03025
0 0.3431666666666667 0.510625 0.04033333333333333 0.02875
0 0.34349999999999997 0.6188750000000001 0.04033333333333333 0.03125
0 0.35383333333333333 0.8638750000000001 0.043 0.03075
0 0.35416666666666663 0.7146250000000001 0.041 0.03025
0 0.36033333333333334 0.66025 0.04466666666666667 0.0335
0 0.37033333333333335 0.5473750000000001 0.04466666666666667 0.03375
0 0.37166666666666665 0.75475 0.03866666666666667 0.029500000000000002
0 0.38516666666666666 0.59 0.03833333333333333 0.029
0 0.3968333333333333 0.678625 0.048999999999999995 0.03125
0 0.4021666666666667 0.46900000000000003 0.042333333333333334 0.0325
0 0.40299999999999997 0.8130000000000001 0.043333333333333335 0.03
0 0.4048333333333333 0.84975 0.03966666666666666 0.029
0 0.40599999999999997 0.62475 0.04133333333333333 0.029
0 0.41883333333333334 0.709875 0.042333333333333334 0.03175
0 0.41733333333333333 0.514625 0.03866666666666667 0.029750000000000002
0 0.42233333333333334 0.756 0.03933333333333333 0.032
0 0.4315 0.550125 0.041 0.03375
0 0.4443333333333333 0.63925 0.043333333333333335 0.034
0 0.44766666666666666 0.58775 0.04 0.03
0 0.45616666666666666 0.80375 0.041 0.031
0 0.45749999999999996 0.67625 0.04033333333333333 0.0315
0 0.46199999999999997 0.770875 0.03933333333333333 0.03175
0 0.4618333333333333 0.47000000000000003 0.03766666666666667 0.029500000000000002
0 0.4668333333333333 0.5045000000000001 0.04033333333333333 0.0305
0 0.4661666666666667 0.722375 0.039 0.03075
0 0.47533333333333333 0.83725 0.043333333333333335 0.0345
0 0.47966666666666663 0.548625 0.03933333333333333 0.029750000000000002
0 0.48483333333333334 0.625125 0.03966666666666666 0.03125
0 0.49466666666666664 0.595125 0.03866666666666667 0.029750000000000002
0 0.4963333333333333 0.43375 0.03866666666666667 0.028
0 0.5141666666666667 0.482875 0.04433333333333333 0.03275
0 0.5173333333333333 0.736 0.04133333333333333 0.031
0 0.5163333333333333 0.6880000000000001 0.03866666666666667 0.029
0 0.522 0.8083750000000001 0.04466666666666667 0.03375
0 0.52 0.76975 0.03733333333333333 0.032
0 0.5246666666666666 0.56425 0.04533333333333333 0.034
0 0.532 0.5225 0.04733333333333333 0.037
0 0.5439999999999999 0.60875 0.04466666666666667 0.0335
0 0.5563333333333333 0.45525 0.046 0.0335
0 0.5575 0.656 0.03966666666666666 0.03
0 0.5646666666666667 0.77875 0.04666666666666666 0.0315
0 0.569 0.483625 0.04066666666666666 0.02825
0 0.569 0.685625 0.03866666666666667 0.02925
0 0.5798333333333333 0.7435 0.043666666666666666 0.0335
0 0.5866666666666667 0.543125 0.04066666666666666 0.03025
0 0.5876666666666667 0.826375 0.03666666666666667 0.029750000000000002
0 0.5986666666666667 0.6607500000000001 0.041999999999999996 0.033
0 0.6006666666666667 0.5845 0.043333333333333335 0.0315
0 0.6033333333333333 0.6275000000000001 0.044 0.034
0 0.6096666666666667 0.496625 0.04466666666666667 0.03225
0 0.6256666666666666 0.442375 0.04533333333333333 0.03225
0 0.6271666666666667 0.75825 0.045 0.0345
0 0.6298333333333334 0.551 0.03966666666666666 0.0345
0 0.6298333333333334 0.7235 0.03766666666666667 0.0325
0 0.6356666666666666 0.821625 0.04466666666666667 0.03325
0 0.6543333333333333 0.6188750000000001 0.04533333333333333 0.03275
0 0.6555 0.472875 0.04566666666666667 0.03175
0 0.6538333333333333 0.6743750000000001 0.04033333333333333 0.03425
0 0.6543333333333333 0.572875 0.04066666666666666 0.03025
0 0.6633333333333333 0.740375 0.03933333333333333 0.029750000000000002
0 0.6685 0.515375 0.04566666666666667 0.03375
0 0.6679999999999999 0.77 0.042666666666666665 0.0335
0 0.6809999999999999 0.834125 0.041999999999999996 0.03225
0 0.6839999999999999 0.5533750000000001 0.04466666666666667 0.03475
0 0.697 0.6541250000000001 0.044 0.03375
0 0.7001666666666666 0.59 0.041 0.0345
0 0.7031666666666666 0.47900000000000004 0.03966666666666666 0.0285
0 0.7043333333333333 0.6935 0.04 0.034
0 0.7226666666666667 0.727125 0.044 0.03075
0 0.7261666666666666 0.528625 0.043 0.03375
0 0.73 0.620125 0.038 0.03075
0 0.7354999999999999 0.7837500000000001 0.04033333333333333 0.032
0 0.7423333333333333 0.568125 0.04066666666666666 0.02825
0 0.7523333333333333 0.659625 0.043333333333333335 0.03325
0 0.7673333333333333 0.590375 0.04533333333333333 0.035250000000000004
0 0.7913333333333333 0.533 0.042666666666666665 0.031
0 0.8106666666666666 0.69425 0.04066666666666666 0.035
0 0.7648333333333333 0.50025 0.036333333333333336 0.029500000000000002
0 0.4041666666666667 0.785 0.042333333333333334 0.026000000000000002
