0 0.19799999999999998 0.49475 0.038 0.0285
0 0.21266666666666667 0.449375 0.043333333333333335 0.03375
0 0.225 0.41425 0.04 0.028
0 0.22716666666666666 0.593875 0.043666666666666666 0.03175
0 0.22899999999999998 0.545 0.044 0.0335
0 0.2523333333333333 0.38225000000000003 0.04133333333333333 0.0315
0 0.25666666666666665 0.51425 0.048 0.034
0 0.263 0.346875 0.044 0.03375
0 0.2613333333333333 0.442625 0.03866666666666667 0.03075
0 0.27516666666666667 0.639625 0.041 0.02875
0 0.27599999999999997 0.5856250000000001 0.04 0.03125
0 0.27699999999999997 0.40750000000000003 0.04133333333333333 0.032
0 0.2778333333333333 0.48375 0.036333333333333336 0.03
0 0.29366666666666663 0.550875 0.044 0.03475
0 0.29133333333333333 0.374125 0.034666666666666665 0.02925
0 0.30566666666666664 0.5181250000000001 0.03933333333333333 0.02725
0 0.3205 0.41075 0.041666666666666664 0.031
0 0.31916666666666665 0.647375 0.03833333333333333 0.02675
0 0.32466666666666666 0.4475 0.042666666666666665 0.033
0 0.3265 0.5915 0.041666666666666664 0.0285
0 0.3245 0.483375 0.03766666666666667 0.029750000000000002
0 0.33866666666666667 0.67675 0.049999999999999996 0.035
0 0.33999999999999997 0.554875 0.04666666666666666 0.03175
0 0.3368333333333333 0.382875 0.03766666666666667 0.03025
0 0.35433333333333333 0.51775 0.04 0.0305
0 0.35583333333333333 0.352875 0.039 0.02775
0 0.359 0.61925 0.04 0.027
0 0.35966666666666663 0.467 0.03933333333333333 0.028
0 0.36166666666666664 0.41625 0.04 0.033
0 0.37466666666666665 0.586125 0.041999999999999996 0.02825
0 0.38316666666666666 0.55175 0.042333333333333334 0.0325
0 0.38266666666666665 0.38475 0.04066666666666666 0.0305
0 0.38566666666666666 0.654875 0.03666666666666667 0.02825
0 0.3953333333333333 0.519625 0.04466666666666667 0.03275
0 0.4033333333333333 0.62125 0.044 0.034
0 0.4046666666666667 0.354125 0.04066666666666666 0.03175
0 0.4043333333333333 0.417375 0.04 0.03125
0 0.4075 0.48925 0.03833333333333333 0.0285
0 0.4121666666666666 0.689625 0.04633333333333333 0.03225
0 0.41683333333333333 0.449375 0.03833333333333333 0.03025
0 0.42233333333333334 0.59 0.044 0.032
0 0.42533333333333334 0.39175 0.044 0.0315
0 0.426 0.557625 0.043333333333333335 0.03275
0 0.42866666666666664 0.659625 0.041999999999999996 0.03425
0 0.4373333333333333 0.326625 0.044 0.03225
0 0.43816666666666665 0.5251250000000001 0.045 0.03125
0 0.4463333333333333 0.36475 0.043333333333333335 0.031
0 0.44916666666666666 0.629875 0.041666666666666664 0.03125
0 0.44966666666666666 0.48875 0.041999999999999996 0.029
0 0.44916666666666666 0.704 0.03966666666666666 0.031
0 0.45299999999999996 0.4365 0.033999999999999996 0.0275
0 0.4651666666666667 0.5982500000000001 0.043666666666666666 0.034
0 0.4703333333333333 0.56375 0.044 0.031
0 0.4688333333333333 0.39837500000000003 0.039 0.02925
0 0.4713333333333333 0.677 0.04066666666666666 0.028
0 0.4726666666666666 0.459125 0.042666666666666665 0.03075
0 0.4815 0.5271250000000001 0.03766666666666667 0.029750000000000002
0 0.4895 0.36662500000000003 0.045 0.03175
0 0.49216666666666664 0.490375 0.04566666666666667 0.03125
0 0.493 0.629125 0.04533333333333333 0.03275
0 0.4948333333333333 0.435375 0.03766666666666667 0.02925
0 0.5026666666666666 0.66425 0.03666666666666667 0.0315
0 0.505 0.595125 0.04 0.03225
0 0.5133333333333333 0.3995 0.042666666666666665 0.032
0 0.5133333333333333 0.564125 0.04 0.02825
0 0.5158333333333334 0.46425 0.042333333333333334 0.029
0 0.5278333333333333 0.5337500000000001 0.042333333333333334 0.0315
0 0.5288333333333333 0.702125 0.037 0.02775
0 0.5341666666666667 0.642375 0.041 0.03125
0 0.5371666666666667 0.435625 0.043666666666666666 0.03225
0 0.5371666666666667 0.49275 0.041666666666666664 0.0315
0 0.5398333333333333 0.670875 0.04033333333333333 0.03375
0 0.5439999999999999 0.6052500000000001 0.04133333333333333 0.0315
0 0.5553333333333333 0.5685 0.04 0.028
0 0.5569999999999999 0.46575 0.04066666666666666 0.0265
0 0.5569999999999999 0.40525 0.038 0.028
0 0.5725 0.5305 0.03833333333333333 0.029
0 0.5688333333333333 0.693875 0.027666666666666666 0.02675
0 0.5768333333333333 0.49825 0.041 0.033
0 0.5805 0.436125 0.043 0.03175
0 0.582 0.631375 0.042666666666666665 0.03375
0 0.5861666666666666 0.670125 0.036333333333333336 0.029750000000000002
0 0.5971666666666666 0.464125 0.043 0.03075
0 0.5981666666666666 0.59975 0.043 0.034
0 0.5981666666666666 0.55875 0.034999999999999996 0.029500000000000002
0 0.6121666666666666 0.697375 0.039 0.02775
0 0.6136666666666667 0.52525 0.04066666666666666 0.03
0 0.6194999999999999 0.49312500000000004 0.03966666666666666 0.03025
0 0.6263333333333333 0.628625 0.042666666666666665 0.03225
0 0.6278333333333334 0.674 0.039 0.032
0 0.6351666666666667 0.560625 0.04433333333333333 0.03125
0 0.6398333333333334 0.5942500000000001 0.036333333333333336 0.028
0 0.311 0.353125 0.038 0.021750000000000002
