0 0.37466666666666665 0.60175 0.03866666666666667 0.029
0 0.3733333333333333 0.668125 0.033999999999999996 0.02925
0 0.378 0.629375 0.03666666666666667 0.029750000000000002
0 0.3973333333333333 0.6525 0.04 0.027
0 0.39699999999999996 0.5665 0.035333333333333335 0.028
0 0.4058333333333333 0.6833750000000001 0.036333333333333336 0.02875
0 0.4101666666666667 0.717375 0.03966666666666666 0.02825
0 0.4131666666666666 0.74825 0.03766666666666667 0.0305
0 0.4131666666666666 0.5915 0.035666666666666666 0.027
0 0.41683333333333333 0.541625 0.035666666666666666 0.02625
0 0.4385 0.647375 0.039 0.03025
0 0.4375 0.567375 0.036333333333333336 0.02825
0 0.4435 0.6815 0.03766666666666667 0.029500000000000002
0 0.4485 0.714875 0.039 0.03025
0 0.45199999999999996 0.617375 0.035333333333333335 0.02925
0 0.45716666666666667 0.542625 0.041666666666666664 0.03175
0 0.4578333333333333 0.74575 0.041666666666666664 0.033
0 0.45999999999999996 0.515 0.03733333333333333 0.0275
0 0.46316666666666667 0.58775 0.04033333333333333 0.033
0 0.47833333333333333 0.49112500000000003 0.04 0.02875
0 0.4785 0.691625 0.036333333333333336 0.02825
0 0.48616666666666664 0.662625 0.041 0.029750000000000002
0 0.48766666666666664 0.633375 0.04 0.02825
0 0.4885 0.7275 0.03966666666666666 0.029
0 0.48866666666666664 0.56775 0.03933333333333333 0.029
0 0.49083333333333334 0.52975 0.033666666666666664 0.0245
0 0.49266666666666664 0.759875 0.034666666666666665 0.02925
0 0.4965 0.603625 0.03833333333333333 0.029750000000000002
0 0.5106666666666666 0.473125 0.035333333333333335 0.02725
0 0.5163333333333333 0.5025000000000001 0.03666666666666667 0.0315
0 0.521 0.697375 0.03866666666666667 0.02825
0 0.5256666666666666 0.6637500000000001 0.04 0.029
0 0.5266666666666666 0.732875 0.04133333333333333 0.03425
0 0.5246666666666666 0.542 0.034666666666666665 0.03
0 0.5283333333333333 0.7705 0.041999999999999996 0.0335
0 0.5268333333333333 0.577875 0.033666666666666664 0.02725
0 0.5376666666666666 0.626 0.04 0.032
0 0.5506666666666666 0.521625 0.034666666666666665 0.025750000000000002
0 0.5538333333333333 0.559125 0.04033333333333333 0.02725
0 0.5548333333333333 0.7095 0.04033333333333333 0.0285
0 0.5528333333333333 0.49225 0.033666666666666664 0.027
0 0.5559999999999999 0.67875 0.035333333333333335 0.028
0 0.5585 0.600875 0.03833333333333333 0.03125
0 0.5626666666666666 0.751375 0.038 0.02825
0 0.5695 0.649375 0.034999999999999996 0.02775
0 0.5788333333333333 0.540375 0.041666666666666664 0.03025
0 0.5813333333333334 0.504875 0.032 0.02375
0 0.5835 0.579 0.035666666666666666 0.029500000000000002
0 0.5861666666666666 0.62325 0.037 0.029500000000000002
0 0.5918333333333333 0.691625 0.04433333333333333 0.03175
0 0.5896666666666667 0.7282500000000001 0.03866666666666667 0.0275
0 0.5955 0.48225 0.03833333333333333 0.0235
0 0.6028333333333333 0.6615 0.03966666666666666 0.0315
0 0.6033333333333333 0.772 0.03733333333333333 0.029
0 0.6121666666666666 0.59775 0.034333333333333334 0.0245
0 0.6163333333333333 0.529875 0.036 0.02825
0 0.621 0.553625 0.035333333333333335 0.01975
0 0.6216666666666667 0.627125 0.036 0.03125
0 0.6224999999999999 0.71025 0.037 0.027
0 0.6266666666666666 0.50525 0.03666666666666667 0.025
0 0.631 0.576375 0.036 0.02725
0 0.6428333333333333 0.665 0.034999999999999996 0.031
0 0.647 0.609125 0.03666666666666667 0.02875
0 0.6548333333333333 0.72975 0.03833333333333333 0.029
0 0.6558333333333333 0.532125 0.037 0.02625
0 0.661 0.69825 0.04133333333333333 0.031
0 0.6595 0.56025 0.03766666666666667 0.031
0 0.6606666666666666 0.64125 0.04 0.0315
0 0.6741666666666667 0.59275 0.03966666666666666 0.029500000000000002
0 0.6825 0.672 0.037 0.0275
0 0.6845 0.621625 0.03766666666666667 0.02825
0 0.6928333333333333 0.7232500000000001 0.041 0.034
0 0.696 0.572375 0.03866666666666667 0.03025
0 0.7115 0.601375 0.03833333333333333 0.03075
0 0.7116666666666667 0.69225 0.03666666666666667 0.029500000000000002
0 0.7163333333333333 0.6587500000000001 0.03933333333333333 0.029500000000000002
0 0.7241666666666666 0.6305000000000001 0.041666666666666664 0.0305
