0 0.17883333333333332 0.715 0.04633333333333333 0.035500000000000004
0 0.17866666666666667 0.749375 0.041999999999999996 0.03225
0 0.18316666666666667 0.67125 0.041 0.032
0 0.22516666666666665 0.7525000000000001 0.043 0.032
0 0.24716666666666665 0.6677500000000001 0.041 0.03
0 0.25516666666666665 0.7997500000000001 0.04566666666666667 0.0345
0 0.259 0.7075 0.04533333333333333 0.035500000000000004
0 0.282 0.838 0.046 0.0375
0 0.28783333333333333 0.651375 0.04833333333333333 0.035250000000000004
0 0.30233333333333334 0.6865 0.048 0.035500000000000004
0 0.31083333333333335 0.718875 0.041 0.03125
0 0.31266666666666665 0.75175 0.044 0.0325
0 0.3245 0.606375 0.03833333333333333 0.03025
0 0.3273333333333333 0.638375 0.044 0.035750000000000004
0 0.344 0.67 0.04533333333333333 0.0345
0 0.355 0.704375 0.03866666666666667 0.03075
0 0.36033333333333334 0.7775 0.04666666666666666 0.0375
0 0.36116666666666664 0.816125 0.04766666666666666 0.03775
0 0.358 0.582875 0.03933333333333333 0.02875
0 0.35983333333333334 0.7368750000000001 0.041666666666666664 0.03325
0 0.3785 0.61575 0.04033333333333333 0.031
0 0.389 0.64775 0.04533333333333333 0.034
0 0.39249999999999996 0.682875 0.041 0.03225
0 0.39499999999999996 0.55675 0.04466666666666667 0.0315
0 0.3968333333333333 0.718125 0.039 0.03075
0 0.4031666666666667 0.749 0.041666666666666664 0.0305
0 0.4076666666666667 0.82625 0.043333333333333335 0.033
0 0.4078333333333333 0.588875 0.043666666666666666 0.03425
0 0.41566666666666663 0.790375 0.04666666666666666 0.035750000000000004
0 0.42183333333333334 0.623625 0.045 0.03475
0 0.4265 0.5337500000000001 0.043666666666666666 0.033
0 0.42916666666666664 0.6595 0.03966666666666666 0.0315
0 0.4435 0.763875 0.04433333333333333 0.03175
0 0.4445 0.56775 0.04433333333333333 0.032
0 0.4435 0.69275 0.04033333333333333 0.03
0 0.4538333333333333 0.727875 0.041666666666666664 0.03275
0 0.45999999999999996 0.81375 0.04666666666666666 0.037
0 0.45899999999999996 0.604375 0.04466666666666667 0.03225
0 0.45949999999999996 0.84975 0.043 0.0345
0 0.4736666666666666 0.638 0.04066666666666666 0.031
0 0.4745 0.54225 0.03966666666666666 0.029
0 0.48083333333333333 0.672875 0.047 0.035750000000000004
0 0.48716666666666664 0.78325 0.045 0.035
0 0.48816666666666664 0.7075 0.04633333333333333 0.035500000000000004
0 0.48683333333333334 0.5720000000000001 0.041666666666666664 0.0315
0 0.49266666666666664 0.74425 0.03933333333333333 0.0305
0 0.5018333333333334 0.8685 0.049666666666666665 0.037
0 0.5006666666666667 0.609625 0.04133333333333333 0.03025
0 0.5131666666666667 0.64575 0.03966666666666666 0.0305
0 0.5185 0.810625 0.043 0.03175
0 0.5283333333333333 0.765375 0.044 0.03125
0 0.5298333333333333 0.67675 0.041666666666666664 0.0305
0 0.5303333333333333 0.582125 0.042666666666666665 0.03125
0 0.5335 0.548125 0.042333333333333334 0.03375
0 0.5403333333333333 0.73725 0.04 0.0315
0 0.5455 0.83575 0.048999999999999995 0.037
0 0.5596666666666666 0.65325 0.043333333333333335 0.033
0 0.5585 0.621625 0.03833333333333333 0.02875
0 0.5646666666666667 0.7075 0.048 0.035500000000000004
0 0.5663333333333334 0.797875 0.048 0.03625
0 0.5725 0.561125 0.043 0.03225
0 0.5746666666666667 0.76175 0.042666666666666665 0.031
0 0.5788333333333333 0.864625 0.04566666666666667 0.03225
0 0.5813333333333334 0.5955 0.044 0.032
0 0.5918333333333333 0.670875 0.039 0.03075
0 0.5955 0.6365000000000001 0.03766666666666667 0.031
0 0.6018333333333333 0.820875 0.04433333333333333 0.03725
0 0.607 0.788375 0.035333333333333335 0.03225
0 0.621 0.5720000000000001 0.044 0.0315
0 0.62 0.745 0.03933333333333333 0.032
0 0.6226666666666666 0.60825 0.042666666666666665 0.033
0 0.6278333333333334 0.695875 0.045 0.03475
0 0.6351666666666667 0.661875 0.04433333333333333 0.03375
0 0.6356666666666666 0.8638750000000001 0.04466666666666667 0.03125
0 0.6538333333333333 0.7817500000000001 0.04833333333333333 0.038
0 0.655 0.82325 0.044 0.0365
0 0.658 0.732875 0.048 0.03675
0 0.6606666666666666 0.625125 0.04066666666666666 0.029750000000000002
0 0.66 0.593875 0.038 0.03225
0 0.6813333333333333 0.652875 0.042666666666666665 0.03225
0 0.6819999999999999 0.693875 0.042666666666666665 0.03325
0 0.694 0.8255 0.041999999999999996 0.0335
0 0.7085 0.722375 0.04633333333333333 0.03825
0 0.746 0.704375 0.04133333333333333 0.03375
0 0.7715 0.654875 0.045 0.03675
