0 0.33149999999999996 0.638875 0.05366666666666667 0.04225
0 0.3511666666666667 0.686875 0.06033333333333333 0.05025
0 0.3723333333333333 0.734125 0.054 0.04225
0 0.3893333333333333 0.631375 0.05933333333333333 0.04275
0 0.39899999999999997 0.57075 0.051333333333333335 0.0385
0 0.409 0.6755 0.05333333333333333 0.041
0 0.42033333333333334 0.763 0.056666666666666664 0.046
0 0.42416666666666664 0.52625 0.056999999999999995 0.046
0 0.43816666666666665 0.60475 0.058333333333333334 0.044
0 0.4598333333333333 0.650875 0.06166666666666666 0.04775
0 0.47583333333333333 0.69975 0.05433333333333333 0.0405
0 0.4746666666666666 0.57475 0.049999999999999996 0.041
0 0.4923333333333333 0.747 0.062 0.047
0 0.49366666666666664 0.497 0.049999999999999996 0.037
0 0.49666666666666665 0.616625 0.049999999999999996 0.03875
0 0.507 0.5385 0.052 0.0415
0 0.5193333333333333 0.662625 0.056 0.04425
0 0.535 0.785375 0.056666666666666664 0.04275
0 0.5376666666666666 0.466875 0.056 0.04025
0 0.5391666666666667 0.5865 0.053 0.041
0 0.5403333333333333 0.71025 0.05466666666666666 0.0405
0 0.5673333333333334 0.625875 0.05466666666666666 0.04075
0 0.5688333333333333 0.5025000000000001 0.05633333333333333 0.044
0 0.5756666666666667 0.67125 0.05466666666666666 0.0405
0 0.5955 0.5407500000000001 0.051 0.0385
0 0.6016666666666667 0.722375 0.06133333333333333 0.04725
0 0.608 0.769 0.06266666666666666 0.0465
0 0.609 0.47675 0.056666666666666664 0.044
0 0.6116666666666667 0.59475 0.057999999999999996 0.043500000000000004
0 0.6356666666666666 0.517375 0.05466666666666666 0.04275
0 0.6381666666666667 0.639625 0.055 0.04125
0 0.6423333333333333 0.686875 0.06 0.04525
0 0.6565 0.728625 0.06166666666666666 0.04725
0 0.6695 0.7755 0.061 0.05
0 0.6731666666666667 0.47825 0.053 0.037
0 0.6788333333333333 0.5985 0.06233333333333333 0.046
0 0.6741666666666667 0.5583750000000001 0.04833333333333333 0.03725
0 0.6898333333333333 0.652875 0.059 0.04575
0 0.695 0.524 0.05466666666666666 0.039
0 0.7018333333333333 0.69975 0.053 0.043000000000000003
0 0.7246666666666667 0.5630000000000001 0.05333333333333333 0.043500000000000004
0 0.7364999999999999 0.748625 0.04833333333333333 0.04225
0 0.7398333333333333 0.616125 0.050333333333333334 0.03975
0 0.7454999999999999 0.66225 0.061 0.0465
0 0.7621666666666667 0.706 0.05233333333333333 0.04
0 0.7945 0.607625 0.059 0.04475
0 0.8079999999999999 0.67675 0.058666666666666666 0.0405
