0 0.27549999999999997 0.656 0.06366666666666666 0.047
0 0.27416666666666667 0.745375 0.059666666666666666 0.04175
0 0.3045 0.577875 0.063 0.04725
0 0.3155 0.79625 0.05566666666666666 0.043500000000000004
0 0.3358333333333333 0.62 0.06166666666666666 0.049
0 0.3506666666666667 0.73925 0.06 0.046
0 0.3555 0.686125 0.05566666666666666 0.04125
0 0.355 0.529 0.052 0.042
0 0.379 0.584875 0.04933333333333333 0.03875
0 0.39649999999999996 0.493875 0.059666666666666666 0.04725
0 0.4021666666666667 0.7927500000000001 0.06566666666666666 0.0495
0 0.39716666666666667 0.63725 0.05433333333333333 0.0405
0 0.42416666666666664 0.677125 0.05633333333333333 0.03975
0 0.42566666666666664 0.5485 0.052 0.0425
0 0.4285 0.7488750000000001 0.05233333333333333 0.03875
0 0.4405 0.5916250000000001 0.051 0.03875
0 0.44516666666666665 0.41425 0.051 0.0405
0 0.45949999999999996 0.798125 0.056999999999999995 0.04475
0 0.46699999999999997 0.638 0.04733333333333333 0.038
0 0.477 0.497375 0.048666666666666664 0.03975
0 0.48466666666666663 0.686875 0.05933333333333333 0.04725
0 0.5085 0.735375 0.061 0.04675
0 0.5091666666666667 0.554 0.055 0.0385
0 0.5121666666666667 0.603625 0.059 0.04275
0 0.5205 0.65125 0.056999999999999995 0.044
0 0.5283333333333333 0.786875 0.058666666666666666 0.043750000000000004
0 0.5528333333333333 0.697875 0.06033333333333333 0.04475
0 0.571 0.442 0.058666666666666666 0.042
0 0.5768333333333333 0.7575000000000001 0.05433333333333333 0.039
0 0.5866666666666667 0.58525 0.05533333333333333 0.04
0 0.584 0.497375 0.048666666666666664 0.03625
0 0.5903333333333333 0.541625 0.05933333333333333 0.04275
0 0.6074999999999999 0.6228750000000001 0.049666666666666665 0.03875
0 0.6143333333333333 0.66425 0.049999999999999996 0.0385
0 0.6305 0.456 0.06433333333333333 0.042
0 0.6616666666666666 0.779875 0.062 0.04525
0 0.6538333333333333 0.607875 0.045 0.03475
0 0.6631666666666667 0.64825 0.05433333333333333 0.039
0 0.6693333333333333 0.5005000000000001 0.064 0.0465
0 0.6638333333333333 0.55875 0.04833333333333333 0.0375
0 0.6975 0.694625 0.05633333333333333 0.043250000000000004
0 0.7028333333333333 0.542375 0.049666666666666665 0.03725
0 0.7086666666666667 0.5846250000000001 0.04933333333333333 0.03775
