0 0.18783333333333332 0.7176250000000001 0.03966666666666666 0.03075
0 0.20366666666666666 0.76225 0.042666666666666665 0.036000000000000004
0 0.2145 0.677125 0.04033333333333333 0.03075
0 0.22616666666666665 0.62275 0.03833333333333333 0.0335
0 0.2535 0.805125 0.047 0.03625
0 0.25416666666666665 0.709875 0.04433333333333333 0.029750000000000002
0 0.2538333333333333 0.6567500000000001 0.041 0.0325
0 0.2575 0.5895 0.041666666666666664 0.035500000000000004
0 0.271 0.75125 0.046 0.037
0 0.2856666666666667 0.618125 0.038 0.02925
0 0.29266666666666663 0.681875 0.04133333333333333 0.03275
0 0.29333333333333333 0.5435 0.03866666666666667 0.03
0 0.30966666666666665 0.57325 0.042666666666666665 0.031
0 0.3123333333333333 0.6451250000000001 0.04466666666666667 0.03625
0 0.33016666666666666 0.606375 0.045 0.03325
0 0.33066666666666666 0.802125 0.043333333333333335 0.03275
0 0.33349999999999996 0.54 0.039 0.03
0 0.3445 0.509875 0.03833333333333333 0.03175
0 0.357 0.577875 0.04133333333333333 0.029750000000000002
0 0.3733333333333333 0.619625 0.048666666666666664 0.035250000000000004
0 0.372 0.696625 0.044 0.03425
0 0.38566666666666666 0.655625 0.04666666666666666 0.035750000000000004
0 0.39866666666666667 0.810625 0.043333333333333335 0.03275
0 0.4136666666666666 0.584125 0.044 0.035250000000000004
0 0.4205 0.47475 0.051 0.0325
0 0.4215 0.627875 0.048999999999999995 0.03475
0 0.4195 0.50725 0.043666666666666666 0.0325
0 0.42183333333333334 0.770375 0.04633333333333333 0.03725
0 0.4363333333333333 0.661125 0.04533333333333333 0.03325
0 0.441 0.70875 0.049999999999999996 0.0365
0 0.45516666666666666 0.563875 0.043 0.03225
0 0.4598333333333333 0.74425 0.051666666666666666 0.038
0 0.46499999999999997 0.484125 0.043333333333333335 0.03325
0 0.4678333333333333 0.825625 0.04566666666666667 0.03625
0 0.47 0.6238750000000001 0.043333333333333335 0.03275
0 0.49316666666666664 0.59 0.045 0.0315
0 0.4945 0.658375 0.042333333333333334 0.03225
0 0.49916666666666665 0.70375 0.048999999999999995 0.037
0 0.5023333333333333 0.5473750000000001 0.042666666666666665 0.03175
0 0.521 0.6185 0.049999999999999996 0.0365
0 0.5341666666666667 0.5720000000000001 0.043 0.032
0 0.5408333333333333 0.81775 0.050333333333333334 0.0365
0 0.5475 0.678625 0.04833333333333333 0.03675
0 0.5455 0.715875 0.043 0.03375
0 0.5443333333333333 0.530625 0.03866666666666667 0.029750000000000002
0 0.5538333333333333 0.767625 0.05366666666666667 0.03925
0 0.5569999999999999 0.645375 0.044 0.03225
0 0.5626666666666666 0.597875 0.046 0.03425
0 0.5766666666666667 0.51375 0.04666666666666666 0.035500000000000004
0 0.574 0.5525 0.04066666666666666 0.0365
0 0.5903333333333333 0.696625 0.048666666666666664 0.03675
0 0.6001666666666666 0.626 0.04766666666666666 0.0375
0 0.6011666666666666 0.7681250000000001 0.047 0.03475
0 0.6026666666666667 0.661875 0.044 0.03425
0 0.6131666666666666 0.5845 0.04833333333333333 0.036000000000000004
0 0.6146666666666667 0.7365 0.04533333333333333 0.036000000000000004
0 0.62 0.551 0.044 0.03
0 0.6408333333333334 0.51775 0.041666666666666664 0.031
0 0.6445 0.643875 0.04633333333333333 0.035250000000000004
0 0.6435 0.6118750000000001 0.041 0.03275
0 0.6585 0.6833750000000001 0.047 0.03675
0 0.6591666666666667 0.578375 0.042333333333333334 0.03475
0 0.6678333333333333 0.49075 0.045 0.035
0 0.6825 0.5473750000000001 0.043 0.03075
0 0.6913333333333334 0.633 0.04666666666666666 0.037
0 0.7065 0.6032500000000001 0.041666666666666664 0.0285
0 0.7126666666666667 0.670125 0.048 0.035750000000000004
0 0.7205 0.574375 0.041666666666666664 0.02825
0 0.7283333333333333 0.749 0.044 0.036000000000000004
0 0.7444999999999999 0.633 0.04633333333333333 0.035
0 0.745 0.698625 0.04066666666666666 0.03325
0 0.7586666666666666 0.667 0.046 0.035
0 0.7611666666666667 0.6025 0.042333333333333334 0.0325
0 0.7939999999999999 0.64625 0.048 0.0365
0 0.8086666666666666 0.608375 0.041999999999999996 0.03275
