0 0.209375 0.5168333333333334 0.043750000000000004 0.05433333333333333
0 0.22162500000000002 0.4195 0.04125 0.05233333333333333
0 0.228375 0.4698333333333333 0.04175 0.05566666666666666
0 0.242 0.6256666666666666 0.0345 0.046
0 0.256625 0.5641666666666666 0.035250000000000004 0.04566666666666667
0 0.257 0.3953333333333333 0.0345 0.046
0 0.25925 0.5106666666666666 0.0345 0.04666666666666666
0 0.26687500000000003 0.45499999999999996 0.03875 0.052
0 0.26637500000000003 0.6568333333333333 0.03725 0.04633333333333333
0 0.286125 0.6091666666666666 0.043250000000000004 0.05433333333333333
0 0.28975 0.3585 0.0335 0.045
0 0.2945 0.419 0.0415 0.050666666666666665
0 0.297 0.31033333333333335 0.041 0.052
0 0.295125 0.5558333333333333 0.03475 0.04566666666666667
0 0.29975 0.5063333333333333 0.0415 0.051333333333333335
0 0.3015 0.7023333333333334 0.042 0.054
0 0.29875 0.7803333333333333 0.035500000000000004 0.048
0 0.308625 0.6523333333333333 0.03825 0.048666666666666664
0 0.31475000000000003 0.4628333333333333 0.035 0.04566666666666667
0 0.327 0.596 0.04 0.05466666666666666
0 0.33375 0.5455 0.035 0.047
0 0.337875 0.6898333333333333 0.04075 0.05233333333333333
0 0.339 0.4061666666666667 0.033 0.04633333333333333
0 0.343375 0.355 0.04025 0.052
0 0.34375 0.29516666666666663 0.036000000000000004 0.04633333333333333
0 0.345875 0.6376666666666666 0.03925 0.05266666666666667
0 0.3535 0.4905 0.0375 0.05433333333333333
0 0.36125 0.5788333333333333 0.033 0.04433333333333333
0 0.364 0.44416666666666665 0.036000000000000004 0.04566666666666667
0 0.365 0.7273333333333333 0.0365 0.048666666666666664
0 0.37825000000000003 0.6663333333333333 0.035 0.044
0 0.379 0.38716666666666666 0.035 0.04633333333333333
0 0.379875 0.5256666666666666 0.03425 0.04466666666666667
0 0.380125 0.33866666666666667 0.03125 0.044
0 0.384 0.6148333333333333 0.034 0.04433333333333333
0 0.390375 0.4746666666666666 0.03425 0.04533333333333333
0 0.39625 0.42833333333333334 0.033 0.044
0 0.399125 0.5668333333333333 0.035250000000000004 0.04433333333333333
0 0.401625 0.7063333333333333 0.03725 0.050666666666666665
0 0.413875 0.6555 0.03625 0.049666666666666665
0 0.416875 0.519 0.035250000000000004 0.044
0 0.415375 0.3718333333333333 0.03125 0.045
0 0.422 0.609 0.0385 0.04933333333333333
0 0.424375 0.4673333333333333 0.03775 0.052
0 0.434875 0.5626666666666666 0.03625 0.048
0 0.439625 0.4121666666666666 0.03725 0.051
0 0.452875 0.5183333333333333 0.03875 0.050666666666666665
0 0.4595 0.6101666666666666 0.035500000000000004 0.04633333333333333
0 0.4615 0.6773333333333333 0.036000000000000004 0.048
0 0.46137500000000004 0.4673333333333333 0.03425 0.04533333333333333
0 0.477875 0.41866666666666663 0.035250000000000004 0.04533333333333333
0 0.47900000000000004 0.5538333333333333 0.035500000000000004 0.041666666666666664
0 0.48562500000000003 0.6435 0.035250000000000004 0.04566666666666667
0 0.49112500000000003 0.5126666666666666 0.03475 0.046
0 0.49625 0.597 0.037 0.048666666666666664
0 0.500125 0.4681666666666667 0.03825 0.049666666666666665
0 0.50875 0.5523333333333333 0.031 0.04466666666666667
0 0.527875 0.5115 0.03175 0.043
