0 0.19075 0.5631666666666666 0.0445 0.06166666666666666
0 0.196 0.4755 0.035500000000000004 0.04633333333333333
0 0.21925 0.5148333333333334 0.041 0.050333333333333334
0 0.226625 0.38866666666666666 0.03625 0.04466666666666667
0 0.242125 0.29883333333333334 0.04025 0.05633333333333333
0 0.24425 0.6465 0.043500000000000004 0.05433333333333333
0 0.254375 0.46116666666666667 0.04125 0.05233333333333333
0 0.258 0.5865 0.043500000000000004 0.05433333333333333
0 0.27675 0.3478333333333333 0.0385 0.049666666666666665
0 0.277 0.5428333333333333 0.0335 0.04766666666666666
0 0.286375 0.6355 0.035250000000000004 0.04766666666666666
0 0.290375 0.42133333333333334 0.03175 0.04466666666666667
0 0.3005 0.30383333333333334 0.0345 0.047
0 0.307125 0.5945 0.03475 0.04633333333333333
0 0.32125 0.7773333333333333 0.038 0.048
0 0.32175 0.4775 0.039 0.04833333333333333
0 0.319875 0.3625 0.03375 0.04433333333333333
0 0.32937500000000003 0.5266666666666666 0.03875 0.04733333333333333
0 0.344875 0.42233333333333334 0.03825 0.049999999999999996
0 0.35175 0.31366666666666665 0.0335 0.043333333333333335
0 0.35525 0.6746666666666666 0.037 0.043333333333333335
0 0.3585 0.381 0.0345 0.04466666666666667
0 0.366 0.46449999999999997 0.042 0.053
0 0.373125 0.6064999999999999 0.04525 0.051
0 0.381625 0.42183333333333334 0.035250000000000004 0.043666666666666666
0 0.39137500000000003 0.5278333333333333 0.04625 0.047
0 0.38825 0.745 0.0395 0.049999999999999996
0 0.391 0.6543333333333333 0.043500000000000004 0.05466666666666666
0 0.39937500000000004 0.3423333333333333 0.03375 0.042666666666666665
0 0.40525 0.47683333333333333 0.035 0.04566666666666667
0 0.414625 0.6094999999999999 0.03975 0.05433333333333333
0 0.421625 0.383 0.03775 0.04933333333333333
0 0.426375 0.7726666666666666 0.03925 0.049999999999999996
0 0.42912500000000003 0.437 0.04125 0.05333333333333333
0 0.42662500000000003 0.6881666666666666 0.03375 0.04833333333333333
0 0.435 0.531 0.035 0.04466666666666667
0 0.452125 0.5856666666666667 0.03875 0.05333333333333333
0 0.453625 0.6361666666666667 0.03375 0.048999999999999995
0 0.465375 0.4928333333333333 0.03375 0.04566666666666667
0 0.476375 0.3893333333333333 0.03225 0.042666666666666665
0 0.47975 0.5516666666666666 0.033 0.046
0 0.48612500000000003 0.6114999999999999 0.03875 0.049666666666666665
0 0.48525 0.44316666666666665 0.0315 0.042333333333333334
0 0.506 0.5131666666666667 0.033 0.043
0 0.517375 0.5736666666666667 0.03825 0.05266666666666667
0 0.5275 0.4105 0.0365 0.049666666666666665
0 0.531 0.4608333333333333 0.0315 0.04433333333333333
