0 0.480625 0.45616666666666666 0.03275 0.042333333333333334
0 0.485375 0.5003333333333333 0.03275 0.042666666666666665
0 0.49075 0.372 0.029 0.04066666666666666
0 0.495 0.331 0.029500000000000002 0.04066666666666666
0 0.495 0.5428333333333333 0.029 0.041666666666666664
0 0.500875 0.597 0.03225 0.04
0 0.50175 0.42483333333333334 0.029500000000000002 0.041
0 0.509875 0.471 0.03025 0.04
0 0.515 0.5131666666666667 0.0315 0.039
0 0.5161250000000001 0.3848333333333333 0.02775 0.03766666666666667
0 0.521625 0.5579999999999999 0.02925 0.041999999999999996
0 0.530625 0.6533333333333333 0.03325 0.04533333333333333
0 0.533 0.29833333333333334 0.032 0.043333333333333335
0 0.5345 0.5996666666666667 0.0325 0.043333333333333335
0 0.533375 0.444 0.02725 0.038
0 0.538125 0.33999999999999997 0.03075 0.042666666666666665
0 0.5385 0.48233333333333334 0.029 0.036
0 0.547 0.40116666666666667 0.0335 0.045
0 0.550125 0.5216666666666666 0.03175 0.042666666666666665
0 0.556875 0.5705 0.03275 0.04633333333333333
0 0.562625 0.3123333333333333 0.03175 0.04133333333333333
0 0.567375 0.6183333333333333 0.03425 0.041999999999999996
0 0.565375 0.45616666666666666 0.029750000000000002 0.043666666666666666
0 0.56575 0.3655 0.0305 0.04033333333333333
0 0.581375 0.6558333333333333 0.03325 0.043666666666666666
0 0.5836250000000001 0.497 0.03025 0.044
0 0.58375 0.5481666666666667 0.029 0.042333333333333334
0 0.586875 0.413 0.02825 0.038
0 0.588375 0.2865 0.03025 0.041666666666666664
0 0.595125 0.5928333333333333 0.02925 0.041666666666666664
0 0.596625 0.45449999999999996 0.03025 0.043
0 0.599375 0.33749999999999997 0.02825 0.03966666666666666
0 0.6052500000000001 0.3803333333333333 0.0315 0.042666666666666665
0 0.609125 0.5205 0.03125 0.04633333333333333
0 0.60875 0.6361666666666667 0.029500000000000002 0.041666666666666664
0 0.60875 0.6849999999999999 0.028 0.03933333333333333
0 0.6188750000000001 0.29683333333333334 0.03225 0.042333333333333334
0 0.62 0.4255 0.03 0.04033333333333333
0 0.631 0.7205 0.036000000000000004 0.043666666666666666
0 0.629375 0.34833333333333333 0.03225 0.043333333333333335
0 0.630125 0.5575 0.02775 0.039
0 0.63675 0.6106666666666667 0.029 0.04666666666666666
0 0.63875 0.658 0.0325 0.046
0 0.639125 0.47983333333333333 0.03275 0.042333333333333334
0 0.641875 0.39116666666666666 0.03275 0.042333333333333334
0 0.6431250000000001 0.5216666666666666 0.03125 0.038
0 0.653625 0.4353333333333333 0.03475 0.04466666666666667
0 0.65525 0.3075 0.0305 0.04033333333333333
0 0.6587500000000001 0.572 0.0315 0.042666666666666665
0 0.66425 0.3555 0.0315 0.042333333333333334
0 0.67 0.48866666666666664 0.032 0.038
0 0.67625 0.3968333333333333 0.033 0.043666666666666666
0 0.6783750000000001 0.53 0.03225 0.044
0 0.67875 0.63 0.033 0.04533333333333333
0 0.681875 0.6805 0.02925 0.042333333333333334
0 0.691125 0.44466666666666665 0.02925 0.041999999999999996
0 0.69625 0.35983333333333334 0.0325 0.042333333333333334
0 0.6950000000000001 0.5813333333333334 0.029 0.04066666666666666
0 0.704 0.5016666666666667 0.035500000000000004 0.044
0 0.711125 0.5469999999999999 0.03425 0.04533333333333333
0 0.71025 0.6523333333333333 0.031 0.04
0 0.715375 0.6945 0.029750000000000002 0.041666666666666664
0 0.7146250000000001 0.6084999999999999 0.02725 0.043
0 0.7205 0.4111666666666667 0.029500000000000002 0.039
0 0.722875 0.4583333333333333 0.02775 0.03733333333333333
0 0.75125 0.5011666666666666 0.039 0.045
0 0.749375 0.5813333333333334 0.03375 0.04466666666666667
0 0.750125 0.6393333333333333 0.03325 0.04666666666666666
