0 0.48875 0.42516666666666664 0.0345 0.04433333333333333
0 0.49112500000000003 0.4715 0.03075 0.04566666666666667
0 0.4935 0.532 0.03 0.04466666666666667
0 0.502 0.6158333333333333 0.032 0.042333333333333334
0 0.514625 0.3095 0.029750000000000002 0.039
0 0.520875 0.39499999999999996 0.03375 0.043333333333333335
0 0.522375 0.4418333333333333 0.03425 0.045
0 0.524375 0.49216666666666664 0.03275 0.041
0 0.52625 0.5486666666666666 0.036000000000000004 0.041999999999999996
0 0.540375 0.6101666666666666 0.035750000000000004 0.047
0 0.545875 0.6766666666666666 0.03425 0.046
0 0.557125 0.20833333333333331 0.03425 0.043333333333333335
0 0.55875 0.40349999999999997 0.036000000000000004 0.04633333333333333
0 0.5595 0.5715 0.0365 0.049666666666666665
0 0.558 0.5241666666666667 0.0315 0.042333333333333334
0 0.559125 0.3303333333333333 0.03075 0.042666666666666665
0 0.561125 0.4711666666666667 0.03075 0.042333333333333334
0 0.561875 0.16283333333333333 0.02775 0.03833333333333333
0 0.577875 0.29233333333333333 0.03175 0.04533333333333333
0 0.584875 0.6268333333333334 0.03625 0.04566666666666667
0 0.58575 0.23349999999999999 0.035 0.041
0 0.58925 0.4215 0.031 0.041
0 0.593125 0.48766666666666664 0.03475 0.046
0 0.595875 0.3595 0.03475 0.04566666666666667
0 0.59775 0.7013333333333334 0.0385 0.050666666666666665
0 0.6012500000000001 0.5518333333333333 0.035 0.043666666666666666
0 0.61575 0.3138333333333333 0.04 0.04633333333333333
0 0.617375 0.6553333333333333 0.03325 0.041999999999999996
0 0.622375 0.6126666666666667 0.03175 0.043333333333333335
0 0.6295000000000001 0.4408333333333333 0.0325 0.041666666666666664
0 0.633 0.38016666666666665 0.036000000000000004 0.04566666666666667
0 0.6345000000000001 0.49083333333333334 0.035500000000000004 0.043
0 0.6435 0.7273333333333333 0.0325 0.04133333333333333
0 0.653625 0.2955 0.03175 0.042333333333333334
0 0.657625 0.6626666666666666 0.03425 0.048666666666666664
0 0.656375 0.5465 0.03075 0.042333333333333334
0 0.6685 0.23616666666666666 0.037 0.049666666666666665
0 0.66925 0.45949999999999996 0.037 0.04766666666666666
0 0.668875 0.6204999999999999 0.03475 0.04766666666666666
0 0.67675 0.5116666666666666 0.0305 0.04
0 0.6813750000000001 0.32566666666666666 0.03875 0.04533333333333333
0 0.681 0.7428333333333333 0.0375 0.04766666666666666
0 0.682125 0.4003333333333333 0.03675 0.04733333333333333
0 0.695875 0.5736666666666667 0.03425 0.042666666666666665
0 0.710375 0.6788333333333333 0.03875 0.049666666666666665
0 0.718 0.41783333333333333 0.034 0.043666666666666666
0 0.72675 0.26916666666666667 0.043500000000000004 0.048999999999999995
0 0.724 0.47916666666666663 0.036000000000000004 0.04766666666666666
0 0.72875 0.5283333333333333 0.0305 0.044
0 0.731 0.5976666666666667 0.031 0.042666666666666665
0 0.74 0.7371666666666666 0.0325 0.042333333333333334
0 0.7545000000000001 0.357 0.036000000000000004 0.04466666666666667
0 0.7575000000000001 0.6636666666666666 0.0315 0.043333333333333335
0 0.763125 0.5256666666666666 0.03625 0.048
0 0.76375 0.5871666666666666 0.0325 0.047
0 0.7705 0.43866666666666665 0.0395 0.050666666666666665
0 0.798625 0.6398333333333334 0.04075 0.05366666666666667
0 0.81375 0.3903333333333333 0.035500000000000004 0.044
0 0.8185 0.5386666666666666 0.0365 0.048666666666666664
0 0.817625 0.7085 0.03125 0.04433333333333333
0 0.82875 0.4731666666666666 0.037 0.051666666666666666
