0 0.307125 0.5095 0.03375 0.043
0 0.304625 0.4613333333333333 0.02825 0.03933333333333333
0 0.311125 0.5886666666666667 0.03225 0.042666666666666665
0 0.315375 0.40299999999999997 0.03125 0.03866666666666667
0 0.3405 0.519 0.0345 0.043333333333333335
0 0.339875 0.6491666666666667 0.03325 0.043666666666666666
0 0.338 0.45799999999999996 0.029 0.04
0 0.34900000000000003 0.37416666666666665 0.0285 0.03966666666666666
0 0.35225 0.5773333333333334 0.03 0.03933333333333333
0 0.353125 0.328 0.02825 0.04
0 0.35875 0.4265 0.033 0.043666666666666666
0 0.365 0.6193333333333333 0.0305 0.04066666666666666
0 0.371375 0.4895 0.03275 0.041
0 0.37125 0.6761666666666667 0.0315 0.042333333333333334
0 0.37475 0.5475 0.0335 0.041666666666666664
0 0.37925000000000003 0.3035 0.034 0.04833333333333333
0 0.383125 0.38066666666666665 0.03225 0.043333333333333335
0 0.39175 0.5866666666666667 0.032 0.04466666666666667
0 0.395625 0.6428333333333333 0.02925 0.039
0 0.4025 0.4465 0.029 0.04033333333333333
0 0.4045 0.6955 0.032 0.039
0 0.406 0.49416666666666664 0.0325 0.042333333333333334
0 0.411375 0.35666666666666663 0.03225 0.042666666666666665
0 0.416875 0.5533333333333333 0.02925 0.04066666666666666
0 0.419 0.3198333333333333 0.0325 0.041
0 0.420125 0.41466666666666663 0.02825 0.041999999999999996
0 0.42675 0.605 0.0305 0.042666666666666665
0 0.431375 0.45766666666666667 0.03275 0.041999999999999996
0 0.43062500000000004 0.6523333333333333 0.02775 0.03933333333333333
0 0.438375 0.3813333333333333 0.03425 0.04133333333333333
0 0.440875 0.5153333333333333 0.03025 0.04
0 0.4525 0.5579999999999999 0.03 0.041999999999999996
0 0.452125 0.6898333333333333 0.02775 0.03833333333333333
0 0.455625 0.41933333333333334 0.03275 0.044
0 0.465 0.33516666666666667 0.033 0.042333333333333334
0 0.465 0.619 0.029500000000000002 0.03933333333333333
0 0.468875 0.4698333333333333 0.03375 0.04433333333333333
0 0.47200000000000003 0.3863333333333333 0.029 0.04066666666666666
0 0.47200000000000003 0.522 0.028 0.03933333333333333
0 0.480125 0.6585 0.03275 0.04433333333333333
0 0.48225 0.5761666666666666 0.029 0.043
0 0.4845 0.6955 0.0285 0.03233333333333333
0 0.48375 0.42766666666666664 0.0265 0.04
0 0.49475 0.6216666666666667 0.0275 0.03866666666666667
0 0.50175 0.48866666666666664 0.032 0.044
0 0.50375 0.39449999999999996 0.035 0.043
0 0.504875 0.5388333333333333 0.03225 0.045
0 0.511125 0.6543333333333333 0.03175 0.04466666666666667
0 0.5115000000000001 0.30766666666666664 0.031 0.04133333333333333
0 0.512625 0.5783333333333334 0.029750000000000002 0.04
0 0.5165 0.43166666666666664 0.028 0.03733333333333333
0 0.52275 0.35483333333333333 0.0285 0.039
0 0.52825 0.6184999999999999 0.033 0.04833333333333333
0 0.530625 0.4958333333333333 0.02725 0.039
0 0.538375 0.5381666666666667 0.03025 0.04033333333333333
0 0.542375 0.40449999999999997 0.03375 0.045
0 0.5513750000000001 0.45816666666666667 0.029750000000000002 0.041
0 0.556 0.5783333333333334 0.0305 0.046
0 0.568875 0.5413333333333333 0.03225 0.04133333333333333
0 0.56925 0.48866666666666664 0.032 0.03866666666666667
