0 0.2705 0.577125 0.049666666666666665 0.03725
0 0.27016666666666667 0.54425 0.04033333333333333 0.032
0 0.29 0.611 0.046 0.0335
0 0.3055 0.513375 0.03966666666666666 0.03375
0 0.31083333333333335 0.6455 0.043 0.0335
0 0.3178333333333333 0.548125 0.04766666666666666 0.03375
0 0.31816666666666665 0.5826250000000001 0.04033333333333333 0.03125
0 0.3353333333333333 0.68225 0.050666666666666665 0.0365
0 0.3426666666666667 0.614625 0.04466666666666667 0.035750000000000004
0 0.35316666666666663 0.49 0.041 0.032
0 0.35916666666666663 0.53525 0.04033333333333333 0.0305
0 0.36266666666666664 0.645875 0.04733333333333333 0.03625
0 0.36833333333333335 0.715 0.049999999999999996 0.039
0 0.36933333333333335 0.583375 0.04533333333333333 0.035250000000000004
0 0.373 0.45875 0.04 0.0315
0 0.3845 0.677875 0.04833333333333333 0.03725
0 0.38616666666666666 0.615 0.04033333333333333 0.0305
0 0.39266666666666666 0.5525 0.04066666666666666 0.0325
0 0.3968333333333333 0.492375 0.041 0.03075
0 0.4105 0.720375 0.04433333333333333 0.03675
0 0.4136666666666666 0.5856250000000001 0.04133333333333333 0.03275
0 0.4185 0.4635 0.048999999999999995 0.036000000000000004
0 0.4205 0.524 0.04566666666666667 0.0335
0 0.41816666666666663 0.651375 0.03966666666666666 0.035250000000000004
0 0.43033333333333335 0.686125 0.049999999999999996 0.03675
0 0.43566666666666665 0.615375 0.046 0.035750000000000004
0 0.4415 0.5545 0.043666666666666666 0.0305
0 0.4428333333333333 0.49475 0.04033333333333333 0.0315
0 0.45916666666666667 0.5856250000000001 0.045 0.035250000000000004
0 0.4583333333333333 0.71725 0.043333333333333335 0.033
0 0.46249999999999997 0.656875 0.048999999999999995 0.035750000000000004
0 0.4668333333333333 0.5255 0.04833333333333333 0.037
0 0.4671666666666667 0.46275 0.045 0.0345
0 0.47916666666666663 0.621625 0.047 0.035750000000000004
0 0.48683333333333334 0.5575 0.041666666666666664 0.0315
0 0.48933333333333334 0.497375 0.04066666666666666 0.029750000000000002
0 0.49033333333333334 0.69075 0.041999999999999996 0.027
0 0.506 0.71975 0.044 0.0335
0 0.508 0.591125 0.046 0.035250000000000004
0 0.5111666666666667 0.6587500000000001 0.050333333333333334 0.0365
0 0.5131666666666667 0.47000000000000003 0.045 0.032
0 0.5141666666666667 0.529 0.041666666666666664 0.0315
0 0.5371666666666667 0.49925 0.04766666666666666 0.0345
0 0.5371666666666667 0.625875 0.04566666666666667 0.03325
0 0.5366666666666666 0.560625 0.044 0.03225
0 0.5366666666666666 0.693125 0.044 0.03275
0 0.5543333333333333 0.726375 0.05266666666666667 0.03725
0 0.5606666666666666 0.6595 0.049999999999999996 0.0365
0 0.5585 0.592625 0.04433333333333333 0.03175
0 0.5585 0.530625 0.043 0.03175
0 0.5628333333333333 0.4685 0.04433333333333333 0.032
0 0.584 0.689125 0.050666666666666665 0.03725
0 0.583 0.5615 0.04666666666666666 0.0345
0 0.584 0.625125 0.044 0.03375
0 0.586 0.5005000000000001 0.046 0.0325
0 0.6074999999999999 0.5935 0.042333333333333334 0.0315
0 0.6153333333333333 0.53525 0.048 0.035
0 0.6131666666666666 0.6575 0.043 0.033
0 0.6276666666666666 0.6275000000000001 0.04533333333333333 0.032
0 0.6376666666666666 0.5670000000000001 0.042666666666666665 0.0305
