0 0.2585 0.8115 0.045 0.0365
0 0.26916666666666667 0.70325 0.03766666666666667 0.028
0 0.30233333333333334 0.64125 0.038 0.026000000000000002
0 0.30666666666666664 0.820875 0.03866666666666667 0.03175
0 0.3143333333333333 0.7255 0.04 0.0315
0 0.344 0.747375 0.03666666666666667 0.03175
0 0.3471666666666667 0.686125 0.039 0.029750000000000002
0 0.3723333333333333 0.608 0.03933333333333333 0.03
0 0.39016666666666666 0.632625 0.03766666666666667 0.03125
0 0.3923333333333333 0.6935 0.038 0.029
0 0.42183333333333334 0.59125 0.041666666666666664 0.0305
0 0.421 0.774 0.04 0.033
0 0.42933333333333334 0.707125 0.038 0.029750000000000002
0 0.443 0.6685 0.03933333333333333 0.029500000000000002
0 0.4538333333333333 0.633 0.03766666666666667 0.031
0 0.46749999999999997 0.798625 0.043666666666666666 0.03625
0 0.4651666666666667 0.5720000000000001 0.03766666666666667 0.0235
0 0.4726666666666666 0.743125 0.04066666666666666 0.03175
0 0.4751666666666666 0.68525 0.03766666666666667 0.029500000000000002
0 0.5023333333333333 0.646625 0.041999999999999996 0.029750000000000002
0 0.506 0.616125 0.046 0.03175
0 0.51 0.8240000000000001 0.048 0.0385
0 0.5085 0.7075 0.043 0.032
0 0.5105 0.5427500000000001 0.034999999999999996 0.0265
0 0.5141666666666667 0.7775 0.041666666666666664 0.033
0 0.5111666666666667 0.5705 0.035666666666666666 0.029
0 0.535 0.517 0.03666666666666667 0.025
0 0.5429999999999999 0.592375 0.04466666666666667 0.03325
0 0.5445 0.62875 0.04433333333333333 0.0305
0 0.5465 0.66 0.041 0.032
0 0.5528333333333333 0.73875 0.050333333333333334 0.036000000000000004
0 0.5621666666666667 0.56225 0.039 0.032
0 0.5663333333333334 0.7997500000000001 0.04066666666666666 0.0325
0 0.584 0.53525 0.04066666666666666 0.029500000000000002
0 0.5861666666666666 0.619625 0.041 0.03175
0 0.5923333333333333 0.754375 0.04466666666666667 0.03325
0 0.5981666666666666 0.652875 0.043 0.03425
0 0.6011666666666666 0.588 0.042333333333333334 0.03
0 0.6058333333333333 0.687625 0.03766666666666667 0.029750000000000002
0 0.6376666666666666 0.713125 0.048 0.035250000000000004
0 0.633 0.53525 0.03666666666666667 0.027
0 0.6361666666666667 0.56575 0.039 0.0325
0 0.6366666666666666 0.604 0.03733333333333333 0.0285
0 0.6435 0.64425 0.036333333333333336 0.029
0 0.6543333333333333 0.679125 0.038 0.02925
0 0.6705 0.792375 0.041666666666666664 0.03175
0 0.6736666666666666 0.595 0.04466666666666667 0.031
0 0.6716666666666666 0.627875 0.04 0.02775
0 0.6756666666666666 0.563375 0.03866666666666667 0.03025
0 0.6771666666666667 0.6567500000000001 0.035666666666666666 0.029500000000000002
0 0.6903333333333334 0.708 0.044 0.034
0 0.696 0.756 0.041999999999999996 0.031
0 0.7205 0.64975 0.04433333333333333 0.031
0 0.7283333333333333 0.734125 0.04666666666666666 0.03625
0 0.7251666666666666 0.61225 0.03833333333333333 0.0325
0 0.7308333333333333 0.6900000000000001 0.045 0.0365
0 0.7466666666666666 0.767625 0.041999999999999996 0.03075
