0 0.22216666666666665 0.49975 0.042333333333333334 0.036000000000000004
0 0.22566666666666665 0.5825 0.048666666666666664 0.0375
0 0.23433333333333334 0.54425 0.04133333333333333 0.0345
0 0.2618333333333333 0.46925 0.050333333333333334 0.037
0 0.27449999999999997 0.57325 0.043 0.035500000000000004
0 0.2773333333333333 0.6168750000000001 0.046 0.03775
0 0.283 0.502125 0.050666666666666665 0.03775
0 0.30533333333333335 0.42825 0.04 0.0345
0 0.31 0.542375 0.043333333333333335 0.03425
0 0.32166666666666666 0.469625 0.04933333333333333 0.03825
0 0.322 0.652375 0.048666666666666664 0.04425
0 0.31966666666666665 0.6075 0.04066666666666666 0.0315
0 0.33716666666666667 0.507875 0.04833333333333333 0.03725
0 0.3473333333333333 0.570125 0.049999999999999996 0.03825
0 0.345 0.688875 0.04533333333333333 0.03475
0 0.3515 0.406375 0.041666666666666664 0.03075
0 0.36 0.447375 0.044 0.035750000000000004
0 0.3695 0.603625 0.042333333333333334 0.03325
0 0.3728333333333333 0.484125 0.045 0.035250000000000004
0 0.3773333333333333 0.647 0.050666666666666665 0.0375
0 0.37716666666666665 0.534875 0.04433333333333333 0.03425
0 0.39549999999999996 0.57125 0.043 0.0345
0 0.40399999999999997 0.41175 0.04733333333333333 0.0405
0 0.417 0.45487500000000003 0.048666666666666664 0.03675
0 0.42083333333333334 0.49625 0.053 0.0395
0 0.42966666666666664 0.7146250000000001 0.05333333333333333 0.03925
0 0.433 0.625125 0.052 0.04125
0 0.4385 0.534875 0.051666666666666666 0.04075
0 0.4455 0.387875 0.047 0.035750000000000004
0 0.45799999999999996 0.5775 0.05266666666666667 0.041
0 0.45949999999999996 0.673125 0.04566666666666667 0.035750000000000004
0 0.46199999999999997 0.426375 0.044 0.03625
0 0.4683333333333333 0.464625 0.050666666666666665 0.03825
0 0.47933333333333333 0.504875 0.052 0.03875
0 0.48583333333333334 0.62475 0.048999999999999995 0.035500000000000004
0 0.4895 0.5455 0.047 0.036000000000000004
0 0.48816666666666664 0.7056250000000001 0.043666666666666666 0.035750000000000004
0 0.5116666666666666 0.392125 0.04533333333333333 0.03475
0 0.5205 0.43025 0.053 0.0405
0 0.5221666666666667 0.735375 0.04566666666666667 0.035250000000000004
0 0.5251666666666667 0.665375 0.04633333333333333 0.035750000000000004
0 0.5278333333333333 0.5896250000000001 0.04633333333333333 0.03675
0 0.532 0.513875 0.043333333333333335 0.035750000000000004
0 0.5445 0.631 0.05366666666666667 0.04
0 0.5459999999999999 0.704375 0.054 0.04075
0 0.5481666666666667 0.474375 0.05233333333333333 0.03975
0 0.5606666666666666 0.550125 0.04733333333333333 0.03625
0 0.5663333333333334 0.408375 0.051333333333333335 0.03875
0 0.5771666666666666 0.7438750000000001 0.047 0.03725
0 0.5808333333333333 0.59575 0.048999999999999995 0.038
0 0.585 0.673125 0.048 0.035750000000000004
0 0.5856666666666667 0.440375 0.04533333333333333 0.03625
0 0.6011666666666666 0.4885 0.05366666666666667 0.043500000000000004
0 0.6111666666666666 0.631 0.055 0.04
0 0.6163333333333333 0.711375 0.056666666666666664 0.04175
0 0.621 0.5415 0.056 0.042
0 0.636 0.41975 0.048666666666666664 0.038
0 0.6366666666666666 0.461125 0.044 0.03175
0 0.6408333333333334 0.743125 0.047 0.03675
0 0.6435 0.586875 0.050333333333333334 0.03875
0 0.6528333333333333 0.502125 0.05433333333333333 0.04225
0 0.6543333333333333 0.67825 0.046 0.0335
0 0.6643333333333333 0.627125 0.050666666666666665 0.03675
0 0.6705 0.549 0.043 0.0325
0 0.6861666666666666 0.726625 0.05433333333333333 0.04075
0 0.6903333333333334 0.47325 0.05466666666666666 0.0405
0 0.6955 0.598125 0.05566666666666666 0.04025
0 0.7006666666666667 0.687625 0.05466666666666666 0.04275
0 0.7143333333333333 0.511 0.05533333333333333 0.0405
0 0.7215 0.641875 0.057666666666666665 0.04475
0 0.7293333333333333 0.5513750000000001 0.056666666666666664 0.043750000000000004
0 0.7401666666666666 0.722375 0.05433333333333333 0.04025
0 0.759 0.59975 0.052 0.04
0 0.771 0.523625 0.05933333333333333 0.04275
0 0.77 0.68875 0.04733333333333333 0.033
0 0.7996666666666666 0.561875 0.048 0.03725
0 0.8136666666666666 0.640375 0.056666666666666664 0.04175
