0 0.17283333333333334 0.564125 0.04433333333333333 0.035750000000000004
0 0.185 0.378125 0.052 0.03675
0 0.186 0.522 0.051333333333333335 0.038
0 0.20033333333333334 0.33587500000000003 0.05266666666666667 0.03775
0 0.20199999999999999 0.605125 0.05533333333333333 0.04125
0 0.20766666666666667 0.484125 0.046 0.03675
0 0.20866666666666667 0.645875 0.04533333333333333 0.03475
0 0.2255 0.535 0.049666666666666665 0.0315
0 0.22983333333333333 0.571625 0.05233333333333333 0.03775
0 0.23716666666666666 0.45175 0.05366666666666667 0.0385
0 0.2515 0.61075 0.04433333333333333 0.035500000000000004
0 0.26016666666666666 0.65325 0.05233333333333333 0.0405
0 0.26266666666666666 0.490375 0.044 0.03675
0 0.283 0.44075000000000003 0.049999999999999996 0.0375
0 0.2811666666666667 0.523875 0.041666666666666664 0.03325
0 0.3055 0.4025 0.03966666666666666 0.035
0 0.3158333333333333 0.481875 0.043666666666666666 0.035250000000000004
0 0.32366666666666666 0.604875 0.051333333333333335 0.04125
0 0.3293333333333333 0.6833750000000001 0.049999999999999996 0.03775
0 0.3418333333333333 0.6475 0.053 0.0425
0 0.33766666666666667 0.5165 0.042666666666666665 0.0335
0 0.3465 0.5685 0.04433333333333333 0.0335
0 0.3478333333333333 0.42862500000000003 0.047 0.035750000000000004
0 0.3525 0.38975 0.043666666666666666 0.032
0 0.3625 0.715375 0.05633333333333333 0.04075
0 0.375 0.4845 0.048 0.038
0 0.38116666666666665 0.60175 0.04633333333333333 0.035500000000000004
0 0.3948333333333333 0.410625 0.043 0.03375
0 0.40066666666666667 0.5345 0.04666666666666666 0.0365
0 0.4098333333333333 0.6481250000000001 0.05366666666666667 0.04075
0 0.41183333333333333 0.447875 0.048999999999999995 0.03625
0 0.41783333333333333 0.568875 0.045 0.03475
0 0.42883333333333334 0.384125 0.049666666666666665 0.035250000000000004
0 0.43316666666666664 0.6880000000000001 0.05566666666666666 0.0405
0 0.441 0.48875 0.04666666666666666 0.034
0 0.44266666666666665 0.604875 0.04466666666666667 0.03325
0 0.4518333333333333 0.535625 0.05233333333333333 0.03825
0 0.45266666666666666 0.41575 0.048666666666666664 0.0365
0 0.4588333333333333 0.74975 0.053 0.043000000000000003
0 0.46599999999999997 0.6525 0.05533333333333333 0.0425
0 0.46549999999999997 0.350875 0.042333333333333334 0.02825
0 0.4695 0.453625 0.048999999999999995 0.03775
0 0.47733333333333333 0.574375 0.05266666666666667 0.04125
0 0.4845 0.714875 0.047 0.03475
0 0.4885 0.49425 0.05233333333333333 0.039
0 0.49366666666666664 0.384125 0.044 0.03475
0 0.5016666666666667 0.615375 0.04666666666666666 0.03625
0 0.5038333333333334 0.42125 0.048999999999999995 0.035500000000000004
0 0.509 0.7645000000000001 0.04533333333333333 0.0375
0 0.5105 0.541875 0.04433333333333333 0.03375
0 0.521 0.35425 0.05533333333333333 0.0375
0 0.5226666666666666 0.68525 0.049999999999999996 0.0375
0 0.5408333333333333 0.58325 0.05433333333333333 0.04
0 0.5455 0.465375 0.051666666666666666 0.04025
0 0.5516666666666666 0.5045000000000001 0.06133333333333333 0.038
0 0.5496666666666666 0.390125 0.04466666666666667 0.035250000000000004
0 0.5553333333333333 0.63025 0.05333333333333333 0.037
0 0.5538333333333333 0.7185 0.045 0.0365
0 0.5636666666666666 0.427375 0.048 0.03375
0 0.5673333333333334 0.77 0.04933333333333333 0.0365
0 0.57 0.5387500000000001 0.051333333333333335 0.037
0 0.5783333333333334 0.364375 0.05333333333333333 0.03675
0 0.5846666666666667 0.6755 0.051333333333333335 0.0385
0 0.5986666666666667 0.464125 0.052 0.03875
0 0.5976666666666667 0.57825 0.048666666666666664 0.038
0 0.6033333333333333 0.4005 0.054 0.0375
0 0.609 0.7275 0.05733333333333333 0.044
0 0.607 0.506875 0.04666666666666666 0.03475
0 0.619 0.634875 0.06 0.04525
0 0.6273333333333333 0.54625 0.04933333333333333 0.035500000000000004
0 0.636 0.433 0.048666666666666664 0.0365
0 0.6393333333333333 0.771625 0.049999999999999996 0.03875
0 0.6476666666666666 0.67625 0.050666666666666665 0.038
0 0.656 0.47275 0.05333333333333333 0.0385
0 0.6601666666666667 0.59 0.04833333333333333 0.0395
0 0.6605 0.3995 0.04633333333333333 0.035500000000000004
0 0.6668333333333333 0.522375 0.037 0.03625
0 0.6788333333333333 0.63725 0.056999999999999995 0.0425
0 0.6871666666666666 0.43225 0.05633333333333333 0.0385
0 0.6886666666666666 0.74625 0.05933333333333333 0.0445
0 0.7141666666666666 0.604875 0.05633333333333333 0.04275
0 0.7106666666666667 0.5525 0.04733333333333333 0.0375
0 0.7193333333333333 0.47200000000000003 0.05533333333333333 0.04
0 0.719 0.681 0.046 0.035
0 0.7298333333333333 0.513125 0.05366666666666667 0.03775
0 0.7543333333333333 0.73175 0.057999999999999996 0.0455
0 0.7685 0.63525 0.05633333333333333 0.042
0 0.769 0.47875 0.049999999999999996 0.037
0 0.7763333333333333 0.542 0.044 0.033
0 0.7908333333333333 0.598625 0.055 0.04175
0 0.8163333333333334 0.52 0.05533333333333333 0.042
0 0.8298333333333333 0.556 0.051666666666666666 0.0335
