0 0.16699999999999998 0.601375 0.05333333333333333 0.04075
0 0.17483333333333334 0.697875 0.058333333333333334 0.04525
0 0.18566666666666667 0.651625 0.050666666666666665 0.03925
0 0.20466666666666666 0.5700000000000001 0.04133333333333333 0.033
0 0.22166666666666665 0.73375 0.05933333333333333 0.0465
0 0.2385 0.665375 0.05366666666666667 0.04175
0 0.24416666666666667 0.5317500000000001 0.050333333333333334 0.0385
0 0.2528333333333333 0.625625 0.053 0.04275
0 0.2578333333333333 0.569625 0.051 0.03675
0 0.2773333333333333 0.749375 0.04666666666666666 0.03675
0 0.2806666666666667 0.506 0.041999999999999996 0.0315
0 0.2945 0.69125 0.05433333333333333 0.043000000000000003
0 0.296 0.64 0.052 0.0415
0 0.30066666666666664 0.590375 0.05333333333333333 0.04075
0 0.31266666666666665 0.7837500000000001 0.05266666666666667 0.0375
0 0.30766666666666664 0.547 0.04133333333333333 0.0335
0 0.33849999999999997 0.663375 0.047 0.03475
0 0.345 0.48025 0.04666666666666666 0.035
0 0.3468333333333333 0.61225 0.04833333333333333 0.0365
0 0.3465 0.76225 0.047 0.0345
0 0.35333333333333333 0.704 0.05733333333333333 0.043500000000000004
0 0.3496666666666667 0.566875 0.048666666666666664 0.03775
0 0.35316666666666663 0.526 0.055 0.0395
0 0.3788333333333333 0.795375 0.05433333333333333 0.04075
0 0.3885 0.6501250000000001 0.04633333333333333 0.03825
0 0.39549999999999996 0.495875 0.04766666666666666 0.03725
0 0.3933333333333333 0.543125 0.042666666666666665 0.03325
0 0.4031666666666667 0.58725 0.05366666666666667 0.0425
0 0.4051666666666667 0.45637500000000003 0.051666666666666666 0.04175
0 0.4053333333333333 0.688375 0.04933333333333333 0.03875
0 0.4305 0.74975 0.057666666666666665 0.0455
0 0.4343333333333333 0.796625 0.05933333333333333 0.04525
0 0.44466666666666665 0.60875 0.04666666666666666 0.035
0 0.45166666666666666 0.8396250000000001 0.057999999999999996 0.03925
0 0.4463333333333333 0.51425 0.046 0.037
0 0.45366666666666666 0.557125 0.04666666666666666 0.03725
0 0.46166666666666667 0.6677500000000001 0.04933333333333333 0.038
0 0.46599999999999997 0.4575 0.05333333333333333 0.0395
0 0.4745 0.706 0.059666666666666666 0.043500000000000004
0 0.49316666666666664 0.7615000000000001 0.051666666666666666 0.0395
0 0.5028333333333334 0.6325000000000001 0.05566666666666666 0.044
0 0.5038333333333334 0.579125 0.04633333333333333 0.03725
0 0.5091666666666667 0.538375 0.05366666666666667 0.04125
0 0.5096666666666666 0.8153750000000001 0.049999999999999996 0.04125
0 0.5136666666666666 0.48612500000000003 0.04466666666666667 0.03375
0 0.522 0.67125 0.051333333333333335 0.038
0 0.5381666666666667 0.736125 0.061 0.04625
0 0.5538333333333333 0.779 0.061 0.0465
0 0.5595 0.513 0.049666666666666665 0.0375
0 0.5543333333333333 0.5680000000000001 0.03666666666666667 0.0305
0 0.5606666666666666 0.603625 0.048666666666666664 0.035750000000000004
0 0.5685 0.640375 0.04833333333333333 0.03725
0 0.5813333333333334 0.688375 0.05733333333333333 0.04425
0 0.6126666666666667 0.535 0.05333333333333333 0.04
0 0.6111666666666666 0.74 0.050333333333333334 0.039
0 0.611 0.619 0.046 0.0345
0 0.6153333333333333 0.577875 0.052 0.03925
0 0.6356666666666666 0.665 0.057999999999999996 0.044
0 0.6606666666666666 0.552875 0.048666666666666664 0.03825
0 0.6726666666666666 0.74125 0.064 0.0445
0 0.6788333333333333 0.595875 0.05633333333333333 0.04075
0 0.7018333333333333 0.7056250000000001 0.059 0.04275
0 0.705 0.641875 0.04666666666666666 0.03925
