0 0.3943333333333333 0.67675 0.050666666666666665 0.037
0 0.413 0.627875 0.04666666666666666 0.03775
0 0.4215 0.575625 0.055 0.043250000000000004
0 0.4225 0.713 0.05433333333333333 0.042
0 0.41966666666666663 0.5181250000000001 0.04133333333333333 0.03225
0 0.4495 0.672 0.047 0.0375
0 0.45949999999999996 0.75125 0.053 0.043500000000000004
0 0.4775 0.61725 0.050333333333333334 0.037
0 0.48183333333333334 0.5740000000000001 0.05366666666666667 0.041
0 0.49266666666666664 0.709875 0.048666666666666664 0.03775
0 0.5016666666666667 0.523625 0.050666666666666665 0.04125
0 0.5131666666666667 0.672125 0.057666666666666665 0.04175
0 0.5106666666666666 0.75725 0.04733333333333333 0.036000000000000004
0 0.533 0.615375 0.054 0.04125
0 0.5465 0.7056250000000001 0.05633333333333333 0.043250000000000004
0 0.5435 0.553625 0.045 0.03425
0 0.57 0.662625 0.050666666666666665 0.03875
0 0.5721666666666666 0.5161250000000001 0.05433333333333333 0.04025
0 0.5746666666666667 0.79 0.051333333333333335 0.0405
0 0.596 0.610625 0.056666666666666664 0.04125
0 0.597 0.561125 0.048666666666666664 0.03675
0 0.6048333333333333 0.700125 0.057666666666666665 0.04475
0 0.6048333333333333 0.7458750000000001 0.04833333333333333 0.04025
0 0.631 0.525625 0.048666666666666664 0.03725
0 0.6455 0.588875 0.04766666666666666 0.03675
0 0.6553333333333333 0.7352500000000001 0.05733333333333333 0.0445
0 0.6575 0.637625 0.059 0.043250000000000004
0 0.6568333333333333 0.777 0.050333333333333334 0.042
0 0.6736666666666666 0.689625 0.06333333333333332 0.04725
0 0.6766666666666666 0.54825 0.05466666666666666 0.0375
0 0.7048333333333333 0.5916250000000001 0.059666666666666666 0.04425
0 0.7158333333333333 0.645875 0.055 0.04125
0 0.7195 0.78325 0.061 0.047
0 0.7344999999999999 0.718875 0.058333333333333334 0.04525
0 0.756 0.678625 0.06 0.043750000000000004
0 0.7788333333333333 0.62825 0.05433333333333333 0.041
0 0.7866666666666666 0.770375 0.06 0.04675
0 0.8105 0.718875 0.057666666666666665 0.04425
0 0.831 0.6637500000000001 0.052 0.0395
