0 0.2565 0.667625 0.063 0.04925
0 0.26 0.443125 0.05266666666666667 0.04175
0 0.271 0.62275 0.054 0.044
0 0.2835 0.501 0.05433333333333333 0.0475
0 0.31033333333333335 0.5775 0.06333333333333332 0.0445
0 0.33516666666666667 0.695375 0.067 0.05075
0 0.33166666666666667 0.64925 0.058666666666666666 0.046
0 0.33216666666666667 0.477125 0.05366666666666667 0.04175
0 0.3368333333333333 0.432125 0.06166666666666666 0.04725
0 0.3463333333333333 0.536125 0.06466666666666666 0.04975
0 0.35833333333333334 0.60875 0.062 0.043500000000000004
0 0.38416666666666666 0.75475 0.063 0.052000000000000005
0 0.382 0.40175 0.05466666666666666 0.043000000000000003
0 0.3905 0.56925 0.06433333333333333 0.048
0 0.3895 0.67125 0.058333333333333334 0.043500000000000004
0 0.38866666666666666 0.44975 0.056 0.043500000000000004
0 0.4095 0.4895 0.051666666666666666 0.0425
0 0.4235 0.63175 0.06566666666666666 0.048
0 0.4225 0.72075 0.061 0.044
0 0.4403333333333333 0.778625 0.05933333333333333 0.04525
0 0.438 0.38375000000000004 0.05333333333333333 0.04
0 0.44766666666666666 0.431 0.06066666666666667 0.0405
0 0.4493333333333333 0.535375 0.06133333333333333 0.04475
0 0.4538333333333333 0.67275 0.056999999999999995 0.046
0 0.46066666666666667 0.58175 0.06666666666666667 0.0505
0 0.4681666666666667 0.47275 0.065 0.049
0 0.48533333333333334 0.741625 0.06866666666666667 0.05375
0 0.488 0.627875 0.06866666666666667 0.05375
0 0.5116666666666666 0.412625 0.06799999999999999 0.04925
0 0.5085 0.358125 0.056999999999999995 0.04225
0 0.5121666666666667 0.54975 0.063 0.048
0 0.5195 0.78525 0.061 0.048
0 0.5251666666666667 0.50175 0.06833333333333333 0.0495
0 0.5273333333333333 0.70175 0.07133333333333333 0.056
0 0.5465 0.597875 0.06633333333333333 0.04975
0 0.5585 0.46225 0.058333333333333334 0.043000000000000003
0 0.5595 0.75325 0.059666666666666666 0.045
0 0.571 0.656375 0.06999999999999999 0.05575
0 0.5751666666666666 0.36212500000000003 0.057666666666666665 0.04475
0 0.5815 0.557625 0.059666666666666666 0.04575
0 0.5918333333333333 0.506 0.063 0.046
0 0.593 0.8043750000000001 0.062 0.04725
0 0.6028333333333333 0.70325 0.06899999999999999 0.053
0 0.6111666666666666 0.616125 0.073 0.051250000000000004
0 0.621 0.41500000000000004 0.06333333333333332 0.051500000000000004
0 0.6278333333333334 0.47525 0.059 0.0445
0 0.6481666666666667 0.75325 0.06966666666666667 0.056
0 0.6533333333333333 0.659875 0.078 0.051250000000000004
0 0.6528333333333333 0.577125 0.071 0.05225
0 0.659 0.5275 0.06799999999999999 0.048
0 0.6945 0.7036250000000001 0.06633333333333333 0.05625
0 0.7011666666666666 0.6205 0.06966666666666667 0.0545
0 0.7126666666666667 0.495375 0.06799999999999999 0.05275
0 0.732 0.575875 0.06466666666666666 0.04925
0 0.7496666666666666 0.6657500000000001 0.06933333333333333 0.0535
0 0.7808333333333333 0.61725 0.06166666666666666 0.0455
