0 0.2865 0.372875 0.05233333333333333 0.04475
0 0.3035 0.2445 0.059666666666666666 0.0565
0 0.3158333333333333 0.4185 0.06033333333333333 0.049
0 0.31366666666666665 0.33 0.056 0.046
0 0.33116666666666666 0.481 0.06366666666666666 0.0535
0 0.3383333333333333 0.288125 0.06799999999999999 0.051750000000000004
0 0.3411666666666667 0.527875 0.056999999999999995 0.04625
0 0.35133333333333333 0.377 0.062 0.0495
0 0.3758333333333333 0.33525 0.06433333333333333 0.0495
0 0.37966666666666665 0.235125 0.064 0.04925
0 0.38166666666666665 0.421625 0.066 0.051250000000000004
0 0.39499999999999996 0.556875 0.052 0.04625
0 0.4041666666666667 0.19175 0.06566666666666666 0.0495
0 0.4003333333333333 0.47125 0.056 0.044
0 0.4085 0.2925 0.059666666666666666 0.0465
0 0.4098333333333333 0.516875 0.057666666666666665 0.043750000000000004
0 0.41633333333333333 0.378625 0.06333333333333332 0.05025
0 0.43816666666666665 0.244125 0.067 0.04925
0 0.4485 0.326625 0.06633333333333333 0.05225
0 0.45299999999999996 0.5915 0.06 0.046
0 0.45566666666666666 0.41575 0.05933333333333333 0.054
0 0.4528333333333333 0.54775 0.051 0.0425
0 0.45699999999999996 0.46425 0.054 0.0425
0 0.4756666666666666 0.504375 0.056 0.04175
0 0.486 0.28075 0.050666666666666665 0.0405
0 0.5073333333333333 0.22225 0.064 0.0495
0 0.5058333333333334 0.391 0.057666666666666665 0.046
0 0.5096666666666666 0.34525 0.05733333333333333 0.0505
0 0.5101666666666667 0.571625 0.055 0.05075
0 0.5095 0.436875 0.05233333333333333 0.04625
0 0.5256666666666666 0.52975 0.056 0.051000000000000004
0 0.5298333333333333 0.483 0.057666666666666665 0.048
0 0.5418333333333333 0.610375 0.058333333333333334 0.04475
0 0.5471666666666667 0.260625 0.06033333333333333 0.04725
0 0.5559999999999999 0.30775 0.064 0.052000000000000005
0 0.5663333333333334 0.21575 0.06533333333333333 0.0505
0 0.5633333333333334 0.405625 0.056 0.05075
0 0.5678333333333333 0.568875 0.06033333333333333 0.05025
0 0.5741666666666666 0.45437500000000003 0.059 0.05025
0 0.5835 0.35125 0.05566666666666666 0.045
0 0.5883333333333333 0.525 0.056 0.045
0 0.61 0.267 0.058666666666666666 0.0465
0 0.619 0.49 0.05533333333333333 0.0455
0 0.6253333333333333 0.318125 0.064 0.05325
0 0.6283333333333333 0.561125 0.06133333333333333 0.04975
0 0.6348333333333334 0.43062500000000004 0.061 0.03925
0 0.6288333333333334 0.2195 0.058333333333333334 0.0425
0 0.6288333333333334 0.38525 0.05566666666666666 0.045
0 0.6523333333333333 0.51925 0.058666666666666666 0.0485
0 0.6758333333333333 0.405625 0.059666666666666666 0.051250000000000004
0 0.6773333333333333 0.361 0.052 0.0475
0 0.6803333333333333 0.261875 0.057999999999999996 0.04675
0 0.6845 0.313375 0.061 0.051250000000000004
0 0.6878333333333333 0.554875 0.061 0.04775
0 0.6881666666666666 0.4915 0.059 0.051500000000000004
0 0.6898333333333333 0.447 0.06166666666666666 0.051500000000000004
0 0.7273333333333333 0.342625 0.057999999999999996 0.05075
0 0.7298333333333333 0.389 0.058333333333333334 0.0535
0 0.7428333333333333 0.432625 0.06166666666666666 0.04725
0 0.7428333333333333 0.51775 0.059666666666666666 0.051000000000000004
0 0.7496666666666666 0.47625 0.06266666666666666 0.052000000000000005
0 0.26566666666666666 0.28775 0.062 0.05
