0 0.1775 0.394625 0.06899999999999999 0.05725
0 0.22483333333333333 0.4935 0.073 0.057
0 0.26916666666666667 0.40175 0.071 0.0605
0 0.345 0.445 0.07066666666666667 0.053
0 0.34883333333333333 0.205125 0.06899999999999999 0.05375
0 0.35666666666666663 0.555625 0.06866666666666667 0.06075
0 0.3655 0.34800000000000003 0.077 0.0555
0 0.39349999999999996 0.2715 0.06966666666666667 0.048
0 0.419 0.472375 0.07133333333333333 0.05225
0 0.441 0.238375 0.07466666666666666 0.05825
0 0.4418333333333333 0.422875 0.06433333333333333 0.05475
0 0.44766666666666666 0.602375 0.076 0.05775
0 0.46016666666666667 0.34625 0.06633333333333333 0.0535
0 0.4928333333333333 0.545875 0.07633333333333334 0.059250000000000004
0 0.5391666666666667 0.3945 0.065 0.052000000000000005
0 0.5506666666666666 0.617 0.07333333333333333 0.056
0 0.5518333333333333 0.445125 0.07033333333333333 0.05625
0 0.5558333333333333 0.29625 0.07233333333333333 0.058
0 0.571 0.236375 0.064 0.05425
0 0.6016666666666667 0.522 0.06799999999999999 0.055
0 0.621 0.33237500000000003 0.06466666666666666 0.05375
0 0.6325 0.4045 0.06966666666666667 0.054
0 0.6511666666666667 0.47050000000000003 0.06966666666666667 0.0565
0 0.6491666666666667 0.605625 0.06166666666666666 0.04925
0 0.658 0.281375 0.06933333333333333 0.06225
0 0.6938333333333333 0.33375 0.06433333333333333 0.0495
0 0.7038333333333333 0.51575 0.06966666666666667 0.059500000000000004
0 0.7334999999999999 0.4525 0.061 0.052000000000000005
0 0.7585 0.361375 0.077 0.04975
0 0.7648333333333333 0.302375 0.06366666666666666 0.05525
0 0.7766666666666666 0.509875 0.06933333333333333 0.05775
0 0.8128333333333333 0.436 0.06433333333333333 0.0575
0 0.8281666666666666 0.35725 0.06233333333333333 0.0505
