0 0.30033333333333334 0.518875 0.05733333333333333 0.04125
0 0.3645 0.23650000000000002 0.04833333333333333 0.043500000000000004
0 0.3743333333333333 0.448125 0.05733333333333333 0.04475
0 0.4061666666666667 0.199875 0.049666666666666665 0.03775
0 0.4096666666666667 0.483375 0.056 0.03825
0 0.42083333333333334 0.368875 0.057666666666666665 0.03925
0 0.42033333333333334 0.4215 0.05933333333333333 0.04
0 0.42 0.28650000000000003 0.056 0.0455
0 0.45866666666666667 0.449 0.05466666666666666 0.041
0 0.4658333333333333 0.236875 0.05366666666666667 0.04625
0 0.4693333333333333 0.3055 0.051333333333333335 0.044
0 0.4756666666666666 0.18937500000000002 0.06 0.04625
0 0.4711666666666667 0.412375 0.04766666666666666 0.04025
0 0.5166666666666666 0.4985 0.03866666666666667 0.0325
0 0.5266666666666666 0.28025 0.048 0.0415
0 0.5535 0.32875 0.05633333333333333 0.041
0 0.5466666666666666 0.143625 0.05466666666666666 0.04025
0 0.5515 0.529375 0.051 0.03775
0 0.5543333333333333 0.205375 0.05933333333333333 0.04825
0 0.5693333333333334 0.415375 0.04933333333333333 0.03825
0 0.5883333333333333 0.262875 0.04733333333333333 0.03625
0 0.6021666666666666 0.49275 0.051666666666666666 0.04
0 0.6168333333333333 0.146125 0.05633333333333333 0.04675
0 0.6256666666666666 0.3005 0.042666666666666665 0.037
0 0.6168333333333333 0.45375 0.05566666666666666 0.042
0 0.6233333333333333 0.2005 0.043333333333333335 0.043500000000000004
0 0.6221666666666666 0.3605 0.06233333333333333 0.051000000000000004
0 0.622 0.58375 0.06 0.0465
0 0.6263333333333333 0.407125 0.056666666666666664 0.04875
0 0.6398333333333334 0.5415 0.057666666666666665 0.0485
0 0.6926666666666667 0.31875000000000003 0.05533333333333333 0.0395
0 0.6776666666666666 0.5075000000000001 0.04533333333333333 0.04
0 0.6956666666666667 0.565875 0.05333333333333333 0.03925
0 0.6971666666666666 0.200375 0.04766666666666666 0.03875
0 0.6881666666666666 0.37625000000000003 0.050333333333333334 0.045
0 0.6913333333333334 0.420875 0.046 0.035250000000000004
0 0.6948333333333333 0.45875 0.04566666666666667 0.0385
0 0.7396666666666667 0.48225 0.056 0.042
0 0.7474999999999999 0.244625 0.047 0.03875
0 0.7595 0.530875 0.050333333333333334 0.03625
0 0.758 0.43225 0.05733333333333333 0.051000000000000004
0 0.7723333333333333 0.382125 0.05466666666666666 0.03425
0 0.7876666666666666 0.305875 0.041999999999999996 0.03675
0 0.8195 0.49462500000000004 0.039 0.03425
0 0.3255 0.2895 0.04833333333333333 0.0445
0 0.3481666666666667 0.327 0.051666666666666666 0.04
0 0.40199999999999997 0.319625 0.049999999999999996 0.03875
0 0.3293333333333333 0.390125 0.049999999999999996 0.03875
0 0.23299999999999998 0.483875 0.04533333333333333 0.035250000000000004
0 0.6686666666666666 0.23550000000000001 0.049999999999999996 0.0365
0 0.8291666666666666 0.575875 0.041 0.035250000000000004
0 0.5065 0.542375 0.047 0.04075
0 0.49816666666666665 0.367875 0.04566666666666667 0.035250000000000004
0 0.4413333333333333 0.5191250000000001 0.04666666666666666 0.03975
