0 0.36116666666666664 0.201875 0.042333333333333334 0.03825
0 0.3798333333333333 0.245875 0.05366666666666667 0.04275
0 0.41083333333333333 0.22125 0.051666666666666666 0.0365
0 0.40599999999999997 0.338375 0.04 0.02825
0 0.42283333333333334 0.277375 0.05233333333333333 0.03925
0 0.43666666666666665 0.378375 0.04666666666666666 0.03675
0 0.4373333333333333 0.315625 0.04533333333333333 0.03625
0 0.4648333333333333 0.345875 0.05233333333333333 0.03625
0 0.47333333333333333 0.27575 0.04933333333333333 0.039
0 0.4726666666666666 0.229 0.04133333333333333 0.0365
0 0.4825 0.380375 0.05233333333333333 0.04275
0 0.5006666666666667 0.319625 0.046 0.03225
0 0.5225 0.36075 0.051666666666666666 0.0415
0 0.5241666666666667 0.225625 0.041 0.03675
0 0.5246666666666666 0.27187500000000003 0.041999999999999996 0.03125
0 0.5449999999999999 0.393125 0.048 0.03725
0 0.5573333333333333 0.316875 0.04066666666666666 0.03625
0 0.5751666666666666 0.27187500000000003 0.050333333333333334 0.03675
0 0.6053333333333333 0.233875 0.049999999999999996 0.03875
0 0.6074999999999999 0.318625 0.04833333333333333 0.03825
0 0.609 0.39375 0.048666666666666664 0.038
0 0.6291666666666667 0.28025 0.043666666666666666 0.035
0 0.6258333333333334 0.35625 0.041 0.034
0 0.6676666666666666 0.3215 0.036 0.031
0 0.658 0.39437500000000003 0.044 0.03475
0 0.6731666666666667 0.25625 0.043666666666666666 0.036000000000000004
0 0.7101666666666666 0.40825 0.04433333333333333 0.035500000000000004
0 0.7071666666666666 0.288375 0.042333333333333334 0.03275
0 0.7573333333333333 0.288875 0.04533333333333333 0.03175
0 0.8223333333333334 0.32475 0.03933333333333333 0.033
0 0.8049999999999999 0.3685 0.044 0.0365
0 0.7806666666666666 0.402125 0.034666666666666665 0.035250000000000004
0 0.7883333333333333 0.4395 0.032 0.033
0 0.7595 0.481625 0.03766666666666667 0.03075
0 0.7323333333333333 0.44175000000000003 0.049999999999999996 0.0375
0 0.7088333333333333 0.471375 0.036333333333333336 0.02825
0 0.7225 0.504875 0.030333333333333334 0.02725
0 0.6761666666666667 0.534375 0.047 0.03425
0 0.636 0.514 0.03933333333333333 0.0365
0 0.6375 0.47650000000000003 0.042333333333333334 0.0365
0 0.643 0.43275 0.04066666666666666 0.033
0 0.6861666666666666 0.435 0.036333333333333336 0.033
0 0.7344999999999999 0.325375 0.042333333333333334 0.03175
0 0.6935 0.36625 0.042333333333333334 0.034
0 0.7501666666666666 0.370625 0.03766666666666667 0.03175
0 0.32766666666666666 0.25825 0.044 0.041
0 0.386 0.29125 0.048666666666666664 0.0365
0 0.3125 0.3105 0.047 0.0365
0 0.29816666666666664 0.351375 0.03966666666666666 0.03175
0 0.35433333333333333 0.352 0.04533333333333333 0.033
0 0.33299999999999996 0.400875 0.042666666666666665 0.03275
0 0.3875 0.3895 0.04566666666666667 0.0375
0 0.41933333333333334 0.419125 0.042666666666666665 0.03975
0 0.36483333333333334 0.429875 0.04566666666666667 0.03625
0 0.4588333333333333 0.436125 0.042333333333333334 0.035250000000000004
0 0.49966666666666665 0.419625 0.03933333333333333 0.03625
0 0.5336666666666666 0.448 0.044 0.034
0 0.5746666666666667 0.4305 0.04066666666666666 0.033
0 0.5905 0.46625 0.04833333333333333 0.032
0 0.5836666666666667 0.4975 0.044 0.0305
0 0.5943333333333333 0.53325 0.044 0.0365
0 0.5496666666666666 0.53725 0.042666666666666665 0.0285
0 0.5308333333333333 0.496875 0.041 0.03425
0 0.494 0.47750000000000004 0.044 0.034
0 0.4398333333333333 0.507625 0.041 0.03075
0 0.4905 0.52125 0.042333333333333334 0.0375
0 0.4155 0.44975 0.041 0.033
