0 0.2068333333333333 0.324125 0.06766666666666667 0.06025
0 0.23416666666666666 0.25875 0.06766666666666667 0.053
0 0.26216666666666666 0.366375 0.06433333333333333 0.05425
0 0.29033333333333333 0.41225 0.06266666666666666 0.058
0 0.29283333333333333 0.22725 0.067 0.058
0 0.29866666666666664 0.28550000000000003 0.062 0.051500000000000004
0 0.30633333333333335 0.334625 0.066 0.05425
0 0.3403333333333333 0.4575 0.06799999999999999 0.051000000000000004
0 0.3446666666666667 0.382875 0.06799999999999999 0.05375
0 0.359 0.23375 0.06466666666666666 0.055
0 0.3723333333333333 0.333125 0.06933333333333333 0.05625
0 0.38516666666666666 0.1665 0.06033333333333333 0.053
0 0.39549999999999996 0.27625 0.071 0.0525
0 0.41333333333333333 0.383125 0.06466666666666666 0.05275
0 0.4155 0.436875 0.063 0.051750000000000004
0 0.42416666666666664 0.228125 0.06833333333333333 0.05625
0 0.42266666666666663 0.12687500000000002 0.05933333333333333 0.04925
0 0.44016666666666665 0.33187500000000003 0.06366666666666666 0.05375
0 0.45016666666666666 0.511125 0.063 0.05275
0 0.4553333333333333 0.178 0.066 0.0555
0 0.45566666666666666 0.465375 0.06133333333333333 0.05025
0 0.47783333333333333 0.283875 0.06233333333333333 0.04875
0 0.47916666666666663 0.416875 0.059 0.05375
0 0.5086666666666666 0.111875 0.062 0.04975
0 0.509 0.3755 0.057999999999999996 0.0485
0 0.5143333333333333 0.2005 0.05933333333333333 0.0495
0 0.5148333333333334 0.484125 0.06033333333333333 0.05325
0 0.5236666666666666 0.434875 0.06066666666666667 0.05075
0 0.5258333333333333 0.324 0.06433333333333333 0.049
0 0.5381666666666667 0.26775 0.06633333333333333 0.0545
0 0.5398333333333333 0.1595 0.06633333333333333 0.051500000000000004
0 0.5506666666666666 0.51425 0.062 0.0535
0 0.5626666666666666 0.366375 0.064 0.05025
0 0.5756666666666667 0.46775 0.062 0.0505
0 0.5845 0.123 0.06233333333333333 0.05
0 0.6006666666666667 0.209125 0.06866666666666667 0.05625
0 0.606 0.411125 0.06466666666666666 0.051250000000000004
0 0.6143333333333333 0.3245 0.058666666666666666 0.0485
0 0.6184999999999999 0.51425 0.063 0.053
0 0.6381666666666667 0.28025 0.067 0.052000000000000005
0 0.6371666666666667 0.15862500000000002 0.059 0.04275
0 0.6465 0.448875 0.056999999999999995 0.04925
0 0.6528333333333333 0.3605 0.05633333333333333 0.0455
0 0.6683333333333333 0.23525000000000001 0.06799999999999999 0.051000000000000004
0 0.6808333333333333 0.408625 0.06366666666666666 0.051250000000000004
0 0.6795 0.31975000000000003 0.057666666666666665 0.046
0 0.6965 0.137875 0.055 0.04175
0 0.711 0.27087500000000003 0.064 0.05275
0 0.71 0.49075 0.06066666666666667 0.051500000000000004
0 0.7153333333333333 0.36112500000000003 0.06266666666666666 0.04725
0 0.7168333333333333 0.4435 0.05566666666666666 0.0505
0 0.7188333333333333 0.18275 0.057666666666666665 0.043000000000000003
0 0.747 0.320125 0.05933333333333333 0.04775
0 0.7501666666666666 0.22875 0.06033333333333333 0.045
0 0.757 0.41300000000000003 0.06266666666666666 0.0505
0 0.7773333333333333 0.36375 0.06333333333333332 0.0495
0 0.7866666666666666 0.27 0.052 0.046
