0 0.4076666666666667 0.6685 0.04066666666666666 0.0305
0 0.42166666666666663 0.628625 0.03866666666666667 0.03075
0 0.4265 0.72275 0.04033333333333333 0.0325
0 0.4418333333333333 0.691125 0.043666666666666666 0.03275
0 0.44366666666666665 0.5876250000000001 0.04 0.03275
0 0.45266666666666666 0.752125 0.04533333333333333 0.03725
0 0.4603333333333333 0.657625 0.04 0.03175
0 0.47533333333333333 0.7192500000000001 0.04066666666666666 0.0315
0 0.47633333333333333 0.62875 0.04066666666666666 0.03
0 0.48466666666666663 0.59275 0.041999999999999996 0.0325
0 0.48816666666666664 0.688125 0.042333333333333334 0.03225
0 0.4945 0.563375 0.047 0.029750000000000002
0 0.5023333333333333 0.746625 0.03866666666666667 0.02925
0 0.5038333333333334 0.6525 0.03966666666666666 0.031
0 0.5153333333333333 0.618 0.043333333333333335 0.0325
0 0.5205 0.707125 0.041 0.03075
0 0.5246666666666666 0.586125 0.03733333333333333 0.02875
0 0.5351666666666667 0.677875 0.04033333333333333 0.029750000000000002
0 0.5455 0.7365 0.048999999999999995 0.037
0 0.5528333333333333 0.647 0.047 0.035
0 0.5528333333333333 0.5533750000000001 0.039 0.02925
0 0.5575 0.614125 0.043 0.03075
0 0.5663333333333334 0.702125 0.04133333333333333 0.03175
0 0.5705 0.58375 0.041666666666666664 0.033
0 0.5746666666666667 0.76925 0.04133333333333333 0.033
0 0.5783333333333334 0.670875 0.03933333333333333 0.03075
0 0.594 0.732625 0.04666666666666666 0.035750000000000004
0 0.5923333333333333 0.633375 0.03866666666666667 0.02875
0 0.5955 0.547875 0.042333333333333334 0.03025
0 0.6101666666666666 0.701375 0.041666666666666664 0.03275
0 0.6121666666666666 0.607875 0.04433333333333333 0.03275
0 0.6116666666666667 0.577875 0.04 0.03025
0 0.6224999999999999 0.759875 0.04633333333333333 0.03625
0 0.6256666666666666 0.66925 0.044 0.033
0 0.6371666666666667 0.636125 0.041 0.03325
0 0.6388333333333334 0.726625 0.041666666666666664 0.03175
0 0.6548333333333333 0.588875 0.041666666666666664 0.03125
0 0.6585 0.693875 0.041666666666666664 0.03175
0 0.657 0.5533750000000001 0.03733333333333333 0.03075
0 0.6715 0.661 0.041666666666666664 0.0325
0 0.6756666666666666 0.620125 0.03933333333333333 0.03075
