0 0.30166666666666664 0.14425 0.052 0.042
0 0.4145 0.155625 0.04766666666666666 0.03325
0 0.46249999999999997 0.153375 0.04766666666666666 0.035250000000000004
0 0.5206666666666666 0.194 0.054 0.0375
0 0.5225 0.146625 0.04833333333333333 0.03925
0 0.5756666666666667 0.416125 0.04733333333333333 0.03875
0 0.6146666666666667 0.21425 0.05933333333333333 0.0495
0 0.6421666666666667 0.1815 0.042333333333333334 0.0395
0 0.6401666666666667 0.355 0.04566666666666667 0.0395
0 0.6808333333333333 0.22875 0.059 0.043000000000000003
0 0.35966666666666663 0.198125 0.049999999999999996 0.03175
0 0.4338333333333333 0.202125 0.047 0.035250000000000004
0 0.5413333333333333 0.248 0.044 0.034
0 0.7936666666666666 0.2435 0.048666666666666664 0.041
0 0.771 0.315125 0.03933333333333333 0.03175
0 0.6928333333333333 0.27025 0.047 0.042
0 0.6293333333333333 0.264625 0.049999999999999996 0.03975
0 0.573 0.28375 0.049999999999999996 0.033
0 0.5368333333333333 0.3355 0.047 0.0385
0 0.6398333333333334 0.394625 0.043666666666666666 0.03625
0 0.7065 0.384375 0.041 0.03175
0 0.7088333333333333 0.342375 0.042333333333333334 0.03425
0 0.7656666666666666 0.373125 0.038 0.03175
0 0.7838333333333333 0.407625 0.041 0.03075
0 0.7586666666666666 0.46575 0.04533333333333333 0.033
0 0.708 0.43162500000000004 0.04666666666666666 0.035250000000000004
0 0.6928333333333333 0.46625 0.047 0.032
0 0.7283333333333333 0.4935 0.03933333333333333 0.032
0 0.7383333333333333 0.54975 0.044 0.0305
0 0.7291666666666666 0.5845 0.047 0.029500000000000002
0 0.6723333333333333 0.560625 0.048666666666666664 0.03175
0 0.6693333333333333 0.514625 0.04533333333333333 0.035250000000000004
0 0.6396666666666666 0.49125 0.049999999999999996 0.029500000000000002
0 0.6481666666666667 0.432125 0.04566666666666667 0.03625
0 0.57 0.379875 0.044 0.03425
0 0.634 0.317375 0.044 0.03425
0 0.46849999999999997 0.240125 0.053 0.043250000000000004
0 0.48516666666666663 0.2805 0.047 0.042
0 0.45716666666666667 0.325375 0.051666666666666666 0.03875
0 0.5026666666666666 0.37475 0.048666666666666664 0.033
0 0.5156666666666666 0.409875 0.044 0.035250000000000004
0 0.5708333333333333 0.45937500000000003 0.042333333333333334 0.03625
0 0.5278333333333333 0.47525 0.047 0.029500000000000002
0 0.527 0.51625 0.04533333333333333 0.034
0 0.5573333333333333 0.543 0.04533333333333333 0.0285
0 0.589 0.506 0.03933333333333333 0.029500000000000002
0 0.6171666666666666 0.52875 0.034999999999999996 0.029500000000000002
0 0.498 0.55625 0.04533333333333333 0.0365
0 0.477 0.523 0.04533333333333333 0.034
0 0.45649999999999996 0.482125 0.043666666666666666 0.03425
0 0.47916666666666663 0.4475 0.041 0.033
0 0.4458333333333333 0.400875 0.047 0.03975
0 0.4375 0.364 0.04566666666666667 0.0365
0 0.39816666666666667 0.32875 0.03966666666666666 0.034
0 0.3755 0.294625 0.042333333333333334 0.03625
0 0.42316666666666664 0.279875 0.043666666666666666 0.04075
0 0.40049999999999997 0.248625 0.047 0.03975
0 0.324 0.248625 0.04533333333333333 0.035250000000000004
0 0.3035 0.2105 0.053 0.0365
0 0.26116666666666666 0.239625 0.053 0.03975
0 0.2445 0.28725 0.053 0.0375
0 0.29516666666666663 0.279875 0.042333333333333334 0.03625
0 0.286 0.323 0.051333333333333335 0.034
0 0.33916666666666667 0.32475 0.042333333333333334 0.035
0 0.3155 0.35775 0.053 0.0375
0 0.37316666666666665 0.374125 0.053 0.03625
0 0.39516666666666667 0.4055 0.04566666666666667 0.0375
0 0.41933333333333334 0.4355 0.04533333333333333 0.0365
0 0.41333333333333333 0.473625 0.04533333333333333 0.03275
0 0.42083333333333334 0.5241250000000001 0.04833333333333333 0.03625
0 0.44666666666666666 0.5553750000000001 0.03933333333333333 0.03075
0 0.38 0.54575 0.048666666666666664 0.029500000000000002
0 0.33149999999999996 0.52425 0.04566666666666667 0.034
0 0.3511666666666667 0.49525 0.04833333333333333 0.0375
0 0.30333333333333334 0.48675 0.044 0.034
0 0.30866666666666664 0.45025 0.04533333333333333 0.034
0 0.2618333333333333 0.45775 0.04833333333333333 0.033
0 0.2595 0.4935 0.043666666666666666 0.032
0 0.3496666666666667 0.435 0.04533333333333333 0.0375
0 0.22083333333333333 0.33275 0.04566666666666667 0.033
0 0.23066666666666666 0.379875 0.044 0.03175
0 0.2723333333333333 0.358875 0.03933333333333333 0.02825
0 0.3253333333333333 0.4025 0.03933333333333333 0.029500000000000002
0 0.2738333333333333 0.39925 0.036333333333333336 0.029500000000000002
