0 0.25083333333333335 0.579875 0.059 0.04825
0 0.2558333333333333 0.5275 0.06633333333333333 0.049
0 0.263 0.37275 0.06666666666666667 0.0475
0 0.2698333333333333 0.41775 0.06833333333333333 0.05
0 0.2738333333333333 0.4665 0.06233333333333333 0.043500000000000004
0 0.2906666666666667 0.324375 0.076 0.05275
0 0.30166666666666664 0.66725 0.07266666666666667 0.0505
0 0.3283333333333333 0.56225 0.056666666666666664 0.0455
0 0.33566666666666667 0.376125 0.06466666666666666 0.04825
0 0.3421666666666667 0.711375 0.075 0.05675
0 0.3411666666666667 0.6168750000000001 0.07166666666666667 0.05725
0 0.3478333333333333 0.505625 0.05633333333333333 0.04525
0 0.36283333333333334 0.8075 0.06366666666666666 0.0525
0 0.367 0.456 0.06533333333333333 0.052000000000000005
0 0.36983333333333335 0.3205 0.067 0.043000000000000003
0 0.39399999999999996 0.546625 0.06066666666666667 0.04575
0 0.4041666666666667 0.6665 0.07166666666666667 0.055
0 0.4095 0.354375 0.06233333333333333 0.04975
0 0.41183333333333333 0.598625 0.06033333333333333 0.04775
0 0.42666666666666664 0.405625 0.06799999999999999 0.04825
0 0.42583333333333334 0.735375 0.06233333333333333 0.04475
0 0.4563333333333333 0.30312500000000003 0.072 0.04625
0 0.4513333333333333 0.49975 0.062 0.046
0 0.45516666666666666 0.8622500000000001 0.061 0.047
0 0.47333333333333333 0.678625 0.06733333333333333 0.04675
0 0.4945 0.816875 0.07166666666666667 0.05525
0 0.4958333333333333 0.62075 0.06166666666666666 0.05
0 0.49666666666666665 0.4435 0.06066666666666667 0.044
0 0.5068333333333334 0.33587500000000003 0.07433333333333333 0.04975
0 0.509 0.400125 0.06133333333333333 0.04925
0 0.5215 0.73675 0.06166666666666666 0.0475
0 0.5251666666666667 0.266625 0.06633333333333333 0.05025
0 0.5236666666666666 0.510375 0.062 0.04575
0 0.5455 0.674 0.081 0.051500000000000004
0 0.5549999999999999 0.8598750000000001 0.08399999999999999 0.05325
0 0.5609999999999999 0.36775 0.072 0.051000000000000004
0 0.5715 0.619625 0.07166666666666667 0.05675
0 0.5731666666666666 0.443125 0.06966666666666667 0.05025
0 0.5746666666666667 0.78725 0.072 0.054
0 0.581 0.31225 0.07066666666666667 0.0505
0 0.5865 0.5635 0.06833333333333333 0.0495
0 0.6104999999999999 0.73575 0.07766666666666666 0.048
0 0.61 0.513 0.07066666666666667 0.0565
0 0.6308333333333334 0.674 0.06899999999999999 0.055
0 0.6381666666666667 0.845125 0.07166666666666667 0.04275
0 0.6403333333333333 0.62275 0.07533333333333334 0.05
0 0.644 0.43175 0.06999999999999999 0.049
0 0.6555 0.791625 0.06633333333333333 0.04725
0 0.6621666666666667 0.570375 0.07433333333333333 0.05075
0 0.6878333333333333 0.387625 0.06966666666666667 0.051750000000000004
0 0.6913333333333334 0.495375 0.06733333333333333 0.051750000000000004
0 0.6908333333333333 0.338125 0.057666666666666665 0.04275
0 0.6933333333333334 0.7255 0.05933333333333333 0.0465
0 0.7126666666666667 0.661125 0.06799999999999999 0.05275
0 0.719 0.8356250000000001 0.08 0.05275
0 0.71 0.448625 0.06 0.04625
0 0.7148333333333333 0.613375 0.061 0.04775
0 0.733 0.786875 0.06266666666666666 0.04825
0 0.7454999999999999 0.364 0.065 0.053
0 0.7533333333333333 0.55725 0.06933333333333333 0.053
0 0.7605 0.497125 0.06899999999999999 0.05625
0 0.7651666666666667 0.72475 0.061 0.046
0 0.7736666666666666 0.422 0.07133333333333333 0.0505
0 0.7776666666666666 0.67125 0.062 0.0465
0 0.7949999999999999 0.600875 0.06133333333333333 0.04725
0 0.8205 0.473125 0.06899999999999999 0.051750000000000004
0 0.8281666666666666 0.527 0.06566666666666666 0.058
0 0.845 0.701625 0.06333333333333332 0.04625
0 0.8553333333333333 0.770375 0.07533333333333334 0.051750000000000004
0 0.8501666666666666 0.64575 0.06233333333333333 0.0465
0 0.857 0.5825 0.066 0.052000000000000005
