0 0.22666666666666666 0.461125 0.058666666666666666 0.04725
0 0.22883333333333333 0.504375 0.053 0.04475
0 0.2573333333333333 0.41375 0.05733333333333333 0.0415
0 0.2585 0.54975 0.05433333333333333 0.04
0 0.27949999999999997 0.480125 0.050333333333333334 0.03725
0 0.2895 0.678625 0.05566666666666666 0.04025
0 0.288 0.44825 0.051333333333333335 0.031
0 0.2886666666666667 0.63725 0.048 0.038
0 0.2975 0.592375 0.05433333333333333 0.04225
0 0.30533333333333335 0.523625 0.056 0.04025
0 0.3398333333333333 0.7126250000000001 0.04766666666666666 0.03725
0 0.3468333333333333 0.47750000000000004 0.051666666666666666 0.0385
0 0.35333333333333333 0.401 0.062 0.042
0 0.36016666666666663 0.513 0.05233333333333333 0.044
0 0.35816666666666663 0.572375 0.04633333333333333 0.03725
0 0.3645 0.672 0.055 0.041
0 0.36816666666666664 0.74425 0.059 0.043000000000000003
0 0.36216666666666664 0.6235 0.045 0.035500000000000004
0 0.3978333333333333 0.431 0.05433333333333333 0.04
0 0.3968333333333333 0.810625 0.04766666666666666 0.03925
0 0.4021666666666667 0.381375 0.050333333333333334 0.03625
0 0.4093333333333333 0.5525 0.048 0.037
0 0.41433333333333333 0.7045 0.052 0.0405
0 0.41133333333333333 0.604875 0.044 0.03375
0 0.41566666666666663 0.654875 0.04466666666666667 0.03475
0 0.4315 0.47075 0.05366666666666667 0.0405
0 0.4403333333333333 0.5095000000000001 0.048 0.0365
0 0.4418333333333333 0.7505000000000001 0.04433333333333333 0.036000000000000004
0 0.4583333333333333 0.4025 0.056 0.0375
0 0.4681666666666667 0.44075000000000003 0.055 0.0415
0 0.4715 0.564625 0.049666666666666665 0.03875
0 0.4698333333333333 0.6567500000000001 0.04566666666666667 0.036000000000000004
0 0.4708333333333333 0.61575 0.04566666666666667 0.0365
0 0.4718333333333333 0.7055 0.04433333333333333 0.035500000000000004
0 0.48666666666666664 0.852125 0.051333333333333335 0.03875
0 0.4935 0.48925 0.057666666666666665 0.0415
0 0.5185 0.8113750000000001 0.058333333333333334 0.04425
0 0.5241666666666667 0.71025 0.05566666666666666 0.042
0 0.5205 0.752 0.04766666666666666 0.04
0 0.5361666666666667 0.659875 0.056999999999999995 0.043250000000000004
0 0.5381666666666667 0.6095 0.04833333333333333 0.0385
0 0.5533333333333333 0.867 0.06933333333333333 0.0445
0 0.5476666666666666 0.561875 0.057999999999999996 0.04425
0 0.5549999999999999 0.39687500000000003 0.046 0.03725
0 0.5621666666666667 0.459125 0.05433333333333333 0.04025
0 0.5675 0.50125 0.055 0.045
0 0.5695 0.786875 0.055 0.04675
0 0.5861666666666666 0.6990000000000001 0.058333333333333334 0.043000000000000003
0 0.5871666666666666 0.7435 0.06033333333333333 0.0405
0 0.5966666666666667 0.5942500000000001 0.054 0.0415
0 0.596 0.65175 0.052 0.039
0 0.6048333333333333 0.43225 0.058333333333333334 0.0415
0 0.6114999999999999 0.482875 0.04833333333333333 0.035250000000000004
0 0.6163333333333333 0.53925 0.05533333333333333 0.0425
0 0.6143333333333333 0.8505 0.050666666666666665 0.038
0 0.6298333333333334 0.795 0.04833333333333333 0.035500000000000004
0 0.6445 0.633375 0.047 0.035750000000000004
0 0.6518333333333333 0.67325 0.05433333333333333 0.0415
0 0.6548333333333333 0.45675 0.059666666666666666 0.04
0 0.6548333333333333 0.741125 0.053 0.03775
0 0.659 0.516875 0.054 0.04275
0 0.6648333333333333 0.577 0.05633333333333333 0.0405
0 0.6866666666666666 0.840375 0.06333333333333332 0.04725
0 0.6981666666666666 0.607125 0.047 0.03475
0 0.7028333333333333 0.49775 0.055 0.04
0 0.7043333333333333 0.7907500000000001 0.05333333333333333 0.038
0 0.705 0.66725 0.04733333333333333 0.037
0 0.7116666666666667 0.53925 0.057999999999999996 0.043500000000000004
0 0.7111666666666666 0.717375 0.047 0.035250000000000004
0 0.7403333333333333 0.5825 0.054 0.0395
0 0.7484999999999999 0.636125 0.04766666666666666 0.035250000000000004
0 0.7621666666666667 0.685 0.04833333333333333 0.0365
0 0.7886666666666666 0.740375 0.06133333333333333 0.04475
