0 0.191 0.633375 0.04533333333333333 0.03625
0 0.22266666666666665 0.602875 0.046 0.03825
0 0.22583333333333333 0.6685 0.043666666666666666 0.0335
0 0.24533333333333332 0.70375 0.048 0.035500000000000004
0 0.247 0.56775 0.044 0.033
0 0.24666666666666665 0.63725 0.04133333333333333 0.034
0 0.27549999999999997 0.536875 0.045 0.035250000000000004
0 0.2841666666666667 0.648875 0.042333333333333334 0.03325
0 0.2876666666666667 0.697875 0.041999999999999996 0.03325
0 0.292 0.60825 0.03933333333333333 0.032
0 0.296 0.73175 0.04733333333333333 0.0345
0 0.30316666666666664 0.56925 0.041666666666666664 0.033
0 0.32766666666666666 0.539625 0.042666666666666665 0.03425
0 0.33916666666666667 0.6763750000000001 0.04766666666666666 0.03825
0 0.3433333333333333 0.721625 0.050666666666666665 0.03875
0 0.33866666666666667 0.598625 0.04 0.03475
0 0.3433333333333333 0.504125 0.04733333333333333 0.03675
0 0.3445 0.6345000000000001 0.04766666666666666 0.0365
0 0.34349999999999997 0.7595000000000001 0.043 0.034
0 0.35683333333333334 0.562625 0.041 0.03325
0 0.3803333333333333 0.526375 0.04733333333333333 0.03475
0 0.381 0.7935 0.04533333333333333 0.034
0 0.389 0.593875 0.04733333333333333 0.035750000000000004
0 0.3903333333333333 0.752125 0.04933333333333333 0.03975
0 0.38716666666666666 0.481 0.043 0.033
0 0.38666666666666666 0.667 0.04066666666666666 0.0325
0 0.39599999999999996 0.71425 0.048 0.035
0 0.39649999999999996 0.629 0.043 0.033
0 0.41383333333333333 0.553625 0.04766666666666666 0.035750000000000004
0 0.427 0.515375 0.046 0.035750000000000004
0 0.43466666666666665 0.476375 0.048666666666666664 0.03475
0 0.4358333333333333 0.7721250000000001 0.04433333333333333 0.035250000000000004
0 0.4435 0.60875 0.04833333333333333 0.0365
0 0.44416666666666665 0.736125 0.049666666666666665 0.03875
0 0.4453333333333333 0.69825 0.049999999999999996 0.0375
0 0.44366666666666665 0.8240000000000001 0.044 0.035500000000000004
0 0.45299999999999996 0.661125 0.052 0.03825
0 0.4588333333333333 0.536375 0.03833333333333333 0.03025
0 0.46216666666666667 0.575125 0.042333333333333334 0.03425
0 0.48366666666666663 0.5005000000000001 0.048666666666666664 0.035
0 0.484 0.46375 0.04533333333333333 0.035
0 0.4895 0.8466250000000001 0.05366666666666667 0.04125
0 0.4963333333333333 0.67475 0.050666666666666665 0.039
0 0.498 0.7525000000000001 0.044 0.034
0 0.5033333333333333 0.713 0.048 0.035
0 0.5023333333333333 0.5962500000000001 0.043333333333333335 0.0335
0 0.509 0.809125 0.04533333333333333 0.03625
0 0.5085 0.632875 0.04433333333333333 0.03425
0 0.5205 0.5595 0.049666666666666665 0.037
0 0.5188333333333334 0.5231250000000001 0.04433333333333333 0.03175
0 0.5295 0.445875 0.048999999999999995 0.03425
0 0.5403333333333333 0.486375 0.048 0.035750000000000004
0 0.5449999999999999 0.74075 0.050666666666666665 0.039
0 0.5481666666666667 0.65375 0.049666666666666665 0.0385
0 0.5511666666666667 0.70175 0.051 0.038
0 0.5506666666666666 0.614625 0.048 0.03725
0 0.5538333333333333 0.8356250000000001 0.043666666666666666 0.03325
0 0.5563333333333333 0.789625 0.04533333333333333 0.03425
0 0.5631666666666666 0.57675 0.050333333333333334 0.036000000000000004
0 0.572 0.5365 0.04533333333333333 0.035
0 0.5768333333333333 0.452875 0.047 0.03325
0 0.5871666666666666 0.500625 0.042333333333333334 0.03475
0 0.5945 0.724375 0.04433333333333333 0.035250000000000004
0 0.5985 0.68175 0.04433333333333333 0.0335
0 0.6011666666666666 0.63525 0.042333333333333334 0.0325
0 0.607 0.802875 0.050666666666666665 0.03825
0 0.6074999999999999 0.5955 0.04766666666666666 0.035
0 0.6204999999999999 0.5595 0.04833333333333333 0.035500000000000004
0 0.6194999999999999 0.76725 0.043666666666666666 0.035
0 0.631 0.522375 0.048666666666666664 0.035750000000000004
0 0.6315 0.855125 0.043 0.03125
0 0.6403333333333333 0.7045 0.049999999999999996 0.0395
0 0.6401666666666667 0.4825 0.04833333333333333 0.035500000000000004
0 0.6423333333333333 0.6657500000000001 0.04933333333333333 0.039
0 0.6538333333333333 0.627125 0.051666666666666666 0.03875
0 0.658 0.59 0.052 0.035500000000000004
0 0.659 0.79625 0.04933333333333333 0.0395
0 0.6716666666666666 0.75725 0.042666666666666665 0.0345
0 0.6715 0.5563750000000001 0.042333333333333334 0.03425
0 0.6736666666666666 0.855125 0.046 0.03775
0 0.6766666666666666 0.509875 0.04 0.03175
0 0.6935 0.661 0.049666666666666665 0.0385
0 0.6903333333333334 0.71025 0.042666666666666665 0.034
0 0.7018333333333333 0.6235 0.04433333333333333 0.033
0 0.708 0.5806250000000001 0.04466666666666667 0.03375
0 0.7116666666666667 0.53525 0.049999999999999996 0.036000000000000004
0 0.71 0.79125 0.043333333333333335 0.0345
0 0.7403333333333333 0.684125 0.041999999999999996 0.03475
0 0.7454999999999999 0.6075 0.047 0.035
0 0.745 0.645875 0.04466666666666667 0.035250000000000004
0 0.7486666666666666 0.765375 0.046 0.035750000000000004
0 0.7813333333333333 0.722 0.051333333333333335 0.038
0 0.7845 0.66425 0.041666666666666664 0.0335
0 0.7928333333333333 0.627125 0.04633333333333333 0.03725
