0 0.254 0.52125 0.056666666666666664 0.043500000000000004
0 0.259 0.62975 0.04666666666666666 0.038
0 0.2618333333333333 0.56425 0.051666666666666666 0.041
0 0.2786666666666667 0.46775 0.04733333333333333 0.0375
0 0.30783333333333335 0.5876250000000001 0.05433333333333333 0.04475
0 0.30983333333333335 0.545 0.04633333333333333 0.036000000000000004
0 0.3203333333333333 0.634125 0.058666666666666666 0.04425
0 0.32266666666666666 0.49112500000000003 0.06066666666666667 0.04275
0 0.327 0.679875 0.049999999999999996 0.03975
0 0.3458333333333333 0.451375 0.053 0.04025
0 0.35433333333333333 0.5650000000000001 0.049999999999999996 0.0415
0 0.35983333333333334 0.406375 0.05566666666666666 0.04025
0 0.372 0.523625 0.04933333333333333 0.03925
0 0.37416666666666665 0.646625 0.049666666666666665 0.03775
0 0.382 0.484875 0.04466666666666667 0.03425
0 0.3918333333333333 0.71025 0.063 0.045
0 0.39616666666666667 0.42712500000000003 0.051666666666666666 0.04125
0 0.3958333333333333 0.58925 0.04633333333333333 0.0385
0 0.41466666666666663 0.551 0.05333333333333333 0.039
0 0.42516666666666664 0.509125 0.05366666666666667 0.04025
0 0.42783333333333334 0.677125 0.05233333333333333 0.04225
0 0.43316666666666664 0.39925 0.056999999999999995 0.0335
0 0.4295 0.469625 0.04766666666666666 0.03475
0 0.4435 0.6225 0.050333333333333334 0.039
0 0.4543333333333333 0.58175 0.057999999999999996 0.043000000000000003
0 0.4518333333333333 0.746625 0.051 0.03825
0 0.46266666666666667 0.434875 0.049999999999999996 0.03625
0 0.47583333333333333 0.538875 0.056999999999999995 0.04225
0 0.4795 0.49225 0.05433333333333333 0.041
0 0.48683333333333334 0.38875 0.051666666666666666 0.043000000000000003
0 0.49183333333333334 0.715375 0.051 0.04025
0 0.4965 0.671625 0.05366666666666667 0.04075
0 0.5053333333333333 0.44475000000000003 0.05333333333333333 0.0375
0 0.5101666666666667 0.624 0.059666666666666666 0.043500000000000004
0 0.5163333333333333 0.75675 0.05266666666666667 0.0405
0 0.522 0.403625 0.05466666666666666 0.04125
0 0.5205 0.572375 0.051 0.03925
0 0.5383333333333333 0.5181250000000001 0.05266666666666667 0.04175
0 0.5393333333333333 0.37275 0.05266666666666667 0.0325
0 0.5481666666666667 0.47825 0.059666666666666666 0.043500000000000004
0 0.5555 0.65175 0.058333333333333334 0.0465
0 0.569 0.700875 0.062 0.04825
0 0.5693333333333334 0.436875 0.056666666666666664 0.04075
0 0.568 0.61075 0.052 0.0395
0 0.583 0.557625 0.05733333333333333 0.043750000000000004
0 0.5851666666666666 0.746125 0.061 0.04775
0 0.595 0.517 0.05733333333333333 0.04
0 0.5955 0.401375 0.056999999999999995 0.04025
0 0.6131666666666666 0.645875 0.05366666666666667 0.04025
0 0.6121666666666666 0.47075 0.049666666666666665 0.036000000000000004
0 0.6204999999999999 0.5962500000000001 0.057666666666666665 0.043500000000000004
0 0.623 0.69125 0.054 0.041
0 0.6256666666666666 0.43525 0.046 0.034
0 0.6408333333333334 0.55675 0.051666666666666666 0.0385
0 0.6575 0.7395 0.061 0.0485
0 0.6591666666666667 0.511125 0.048999999999999995 0.03775
0 0.6641666666666667 0.46225 0.05566666666666666 0.0405
0 0.6783333333333333 0.636875 0.058666666666666666 0.043250000000000004
0 0.6808333333333333 0.590375 0.059666666666666666 0.04425
0 0.6883333333333334 0.682625 0.05266666666666667 0.03925
0 0.7028333333333333 0.547 0.05366666666666667 0.042
0 0.7121666666666666 0.5025000000000001 0.051666666666666666 0.0385
0 0.7183333333333333 0.730125 0.051333333333333335 0.03975
0 0.7334999999999999 0.62475 0.05433333333333333 0.0425
0 0.7408333333333333 0.691125 0.05566666666666666 0.04175
0 0.747 0.58175 0.052 0.0385
0 0.7631666666666667 0.5387500000000001 0.059666666666666666 0.046
0 0.7949999999999999 0.6005 0.05533333333333333 0.04
0 0.7991666666666667 0.652875 0.06033333333333333 0.04475
