0 0.2783333333333333 0.545125 0.05466666666666666 0.04475
0 0.288 0.49262500000000004 0.057999999999999996 0.04625
0 0.31066666666666665 0.586875 0.056 0.04675
0 0.3148333333333333 0.450875 0.055 0.04775
0 0.33116666666666666 0.648875 0.06366666666666666 0.04775
0 0.32716666666666666 0.536 0.04833333333333333 0.0405
0 0.357 0.497375 0.056 0.04075
0 0.36683333333333334 0.5755 0.051 0.0385
0 0.38666666666666666 0.4525 0.05466666666666666 0.041
0 0.39466666666666667 0.62625 0.05333333333333333 0.0415
0 0.3973333333333333 0.5295 0.054 0.0405
0 0.4066666666666667 0.41150000000000003 0.056 0.041
0 0.41766666666666663 0.484875 0.06 0.04725
0 0.42166666666666663 0.665375 0.06666666666666667 0.043250000000000004
0 0.427 0.566125 0.05533333333333333 0.04225
0 0.4373333333333333 0.442 0.05266666666666667 0.044
0 0.46249999999999997 0.524375 0.059 0.04625
0 0.46266666666666667 0.62125 0.054 0.043000000000000003
0 0.4648333333333333 0.4005 0.057666666666666665 0.0425
0 0.4681666666666667 0.71025 0.05566666666666666 0.042
0 0.48166666666666663 0.56775 0.052 0.04
0 0.48583333333333334 0.47475 0.05566666666666666 0.047
0 0.4923333333333333 0.669625 0.06533333333333333 0.04875
0 0.4963333333333333 0.431375 0.056 0.04425
0 0.52 0.754 0.06799999999999999 0.0525
0 0.5215 0.52075 0.06233333333333333 0.0495
0 0.5221666666666667 0.392125 0.05233333333333333 0.03825
0 0.5283333333333333 0.709125 0.06 0.04425
0 0.5318333333333333 0.614625 0.06433333333333333 0.04975
0 0.5435 0.476375 0.06033333333333333 0.04725
0 0.5526666666666666 0.564625 0.05933333333333333 0.043750000000000004
0 0.5533333333333333 0.6615 0.05933333333333333 0.047
0 0.5616666666666666 0.4295 0.064 0.048
0 0.5836666666666667 0.520875 0.06266666666666666 0.04825
0 0.5935 0.39 0.06233333333333333 0.047
0 0.595 0.610625 0.064 0.04825
0 0.5981666666666666 0.76225 0.06766666666666667 0.0545
0 0.5948333333333333 0.705125 0.059666666666666666 0.04475
0 0.6074999999999999 0.475875 0.058333333333333334 0.04725
0 0.6153333333333333 0.564625 0.05933333333333333 0.04625
0 0.6241666666666666 0.65725 0.06633333333333333 0.049
0 0.6268333333333334 0.431 0.05233333333333333 0.0385
0 0.6486666666666666 0.731375 0.06333333333333332 0.04125
0 0.6465 0.515875 0.055 0.04175
0 0.658 0.617375 0.06666666666666667 0.04875
0 0.6685 0.46337500000000004 0.061 0.05225
0 0.6871666666666666 0.556875 0.06366666666666666 0.05025
0 0.6881666666666666 0.69275 0.06166666666666666 0.046
0 0.705 0.50875 0.057999999999999996 0.0445
0 0.7068333333333333 0.64425 0.058333333333333334 0.043000000000000003
0 0.7454999999999999 0.6005 0.059666666666666666 0.045
0 0.7563333333333333 0.55375 0.06933333333333333 0.05
0 0.7741666666666667 0.672 0.06899999999999999 0.0535
0 0.7986666666666666 0.62125 0.058666666666666666 0.0415
