0 0.24916666666666665 0.584125 0.034999999999999996 0.02675
0 0.257 0.6505 0.042666666666666665 0.0345
0 0.2738333333333333 0.607875 0.036333333333333336 0.029750000000000002
0 0.2811666666666667 0.5720000000000001 0.042333333333333334 0.0335
0 0.28583333333333333 0.687625 0.037 0.02875
0 0.3055 0.645875 0.043666666666666666 0.03475
0 0.3128333333333333 0.589125 0.041666666666666664 0.02925
0 0.3213333333333333 0.721625 0.04 0.03225
0 0.32616666666666666 0.68925 0.043 0.032
0 0.3358333333333333 0.530625 0.041666666666666664 0.03175
0 0.33666666666666667 0.616125 0.042666666666666665 0.03175
0 0.3408333333333333 0.563375 0.04433333333333333 0.03475
0 0.362 0.754125 0.04733333333333333 0.03425
0 0.3635 0.647875 0.039 0.03225
0 0.3785 0.502 0.043666666666666666 0.034
0 0.376 0.5806250000000001 0.038 0.02925
0 0.37766666666666665 0.534125 0.03933333333333333 0.03025
0 0.39366666666666666 0.61575 0.042666666666666665 0.035
0 0.39966666666666667 0.708375 0.03933333333333333 0.03225
0 0.4048333333333333 0.67125 0.041666666666666664 0.0315
0 0.4096666666666667 0.560375 0.041999999999999996 0.03225
0 0.4098333333333333 0.46775 0.04033333333333333 0.029500000000000002
0 0.421 0.759875 0.048 0.035750000000000004
0 0.415 0.51425 0.03333333333333333 0.0285
0 0.42416666666666664 0.59225 0.041 0.03
0 0.42933333333333334 0.640375 0.03733333333333333 0.03125
0 0.4408333333333333 0.72075 0.043666666666666666 0.033
0 0.4445 0.68025 0.03966666666666666 0.0305
0 0.4538333333333333 0.490375 0.041 0.02925
0 0.45799999999999996 0.566125 0.041999999999999996 0.03325
0 0.45899999999999996 0.79 0.044 0.0365
0 0.46266666666666667 0.61625 0.042666666666666665 0.0335
0 0.4711666666666667 0.74975 0.043 0.0315
0 0.473 0.4595 0.043333333333333335 0.0325
0 0.47783333333333333 0.5275 0.041666666666666664 0.0325
0 0.49466666666666664 0.72 0.04133333333333333 0.032
0 0.5011666666666666 0.6521250000000001 0.04633333333333333 0.035250000000000004
0 0.5016666666666667 0.582875 0.044 0.03375
0 0.5045 0.49312500000000004 0.043666666666666666 0.03325
0 0.5141666666666667 0.7795 0.04566666666666667 0.0345
0 0.5131666666666667 0.461 0.03766666666666667 0.0285
0 0.5211666666666667 0.616625 0.04433333333333333 0.035250000000000004
0 0.5288333333333333 0.536875 0.04433333333333333 0.03375
0 0.5361666666666667 0.679125 0.04433333333333333 0.035250000000000004
0 0.5355 0.748125 0.042333333333333334 0.03175
0 0.5438333333333333 0.505625 0.042333333333333334 0.03125
0 0.5555 0.798625 0.04566666666666667 0.03025
0 0.5549999999999999 0.467375 0.04133333333333333 0.03175
0 0.5589999999999999 0.568125 0.04466666666666667 0.03125
0 0.5596666666666666 0.71075 0.04533333333333333 0.036000000000000004
0 0.5783333333333334 0.6032500000000001 0.04533333333333333 0.035
0 0.5825 0.647 0.048999999999999995 0.035500000000000004
0 0.5825 0.765 0.04833333333333333 0.036000000000000004
0 0.5851666666666666 0.53525 0.043666666666666666 0.033
0 0.594 0.49112500000000003 0.03866666666666667 0.02825
0 0.6028333333333333 0.4525 0.04033333333333333 0.0315
0 0.6053333333333333 0.5700000000000001 0.044 0.03
0 0.6038333333333333 0.715 0.04033333333333333 0.035
0 0.6044999999999999 0.68025 0.041 0.032
0 0.6188333333333333 0.788875 0.04566666666666667 0.03775
0 0.6246666666666666 0.517375 0.04733333333333333 0.03275
0 0.6308333333333334 0.602 0.04833333333333333 0.0365
0 0.632 0.6435 0.046 0.0335
0 0.6398333333333334 0.746125 0.03966666666666666 0.03125
0 0.644 0.698125 0.04066666666666666 0.03325
0 0.6528333333333333 0.548625 0.045 0.03325
0 0.6648333333333333 0.48675 0.04633333333333333 0.033
0 0.6699999999999999 0.51775 0.04 0.029500000000000002
0 0.6783333333333333 0.614625 0.04666666666666666 0.03725
0 0.6886666666666666 0.656 0.04666666666666666 0.036000000000000004
0 0.694 0.577 0.04133333333333333 0.0335
0 0.6945 0.733 0.041 0.0325
0 0.7038333333333333 0.538875 0.04833333333333333 0.03225
0 0.7096666666666667 0.697875 0.046 0.03625
0 0.7398333333333333 0.609125 0.04633333333333333 0.035750000000000004
0 0.7376666666666667 0.668125 0.03933333333333333 0.03275
0 0.7438333333333333 0.56975 0.04433333333333333 0.032
0 0.7726666666666666 0.689625 0.04066666666666666 0.03375
0 0.7841666666666667 0.64075 0.039 0.031
