0 0.24283333333333332 0.71075 0.051 0.04
0 0.24716666666666665 0.664625 0.047 0.035750000000000004
0 0.27366666666666667 0.6275000000000001 0.04466666666666667 0.034
0 0.29166666666666663 0.568875 0.04733333333333333 0.035750000000000004
0 0.29133333333333333 0.68025 0.043333333333333335 0.033
0 0.30116666666666664 0.73875 0.051666666666666666 0.04
0 0.30283333333333334 0.51275 0.04566666666666667 0.0335
0 0.32716666666666666 0.6525 0.043 0.034
0 0.33866666666666667 0.594625 0.04466666666666667 0.03375
0 0.3468333333333333 0.561875 0.04633333333333333 0.03475
0 0.3575 0.496125 0.049666666666666665 0.03675
0 0.36083333333333334 0.67875 0.051666666666666666 0.0395
0 0.37066666666666664 0.759875 0.05333333333333333 0.03925
0 0.3733333333333333 0.63325 0.049999999999999996 0.039
0 0.38516666666666666 0.592375 0.049666666666666665 0.03725
0 0.389 0.718875 0.046 0.03425
0 0.39399999999999996 0.5275 0.048666666666666664 0.039
0 0.4061666666666667 0.490375 0.045 0.03175
0 0.4265 0.6575 0.048999999999999995 0.037
0 0.42883333333333334 0.5583750000000001 0.051666666666666666 0.03875
0 0.4358333333333333 0.613 0.051 0.039
0 0.4368333333333333 0.7185 0.045 0.035500000000000004
0 0.44316666666666665 0.75875 0.04833333333333333 0.039
0 0.4583333333333333 0.515 0.04733333333333333 0.036000000000000004
0 0.47716666666666663 0.46337500000000004 0.043666666666666666 0.03675
0 0.48333333333333334 0.68575 0.054 0.04
0 0.4845 0.58525 0.053 0.04
0 0.4983333333333333 0.77825 0.06266666666666666 0.04
0 0.49166666666666664 0.7322500000000001 0.04533333333333333 0.0345
0 0.49116666666666664 0.544375 0.04433333333333333 0.03325
0 0.5011666666666666 0.649375 0.05233333333333333 0.04075
0 0.5106666666666666 0.50175 0.04666666666666666 0.0345
0 0.534 0.614125 0.054 0.03975
0 0.5428333333333333 0.5720000000000001 0.04766666666666666 0.037
0 0.5491666666666667 0.81775 0.04633333333333333 0.0345
0 0.5553333333333333 0.7775 0.058666666666666666 0.043000000000000003
0 0.5558333333333333 0.667 0.051 0.0365
0 0.5579999999999999 0.519625 0.04733333333333333 0.03725
0 0.5626666666666666 0.71575 0.048 0.035500000000000004
0 0.5693333333333334 0.47625 0.05333333333333333 0.0385
0 0.6023333333333333 0.588375 0.05466666666666666 0.04225
0 0.6013333333333333 0.537625 0.051333333333333335 0.03925
0 0.6116666666666667 0.783375 0.05533333333333333 0.04275
0 0.6094999999999999 0.738125 0.04633333333333333 0.035750000000000004
0 0.6138333333333333 0.679875 0.051 0.03925
0 0.6214999999999999 0.633375 0.05366666666666667 0.04025
0 0.62 0.488 0.049999999999999996 0.0375
0 0.647 0.52525 0.042666666666666665 0.034
0 0.6518333333333333 0.571625 0.04566666666666667 0.035750000000000004
0 0.658 0.71075 0.04733333333333333 0.0365
0 0.6621666666666667 0.667375 0.047 0.03675
0 0.6741666666666667 0.755625 0.04633333333333333 0.035750000000000004
0 0.6736666666666666 0.62875 0.044 0.035
0 0.709 0.576375 0.05533333333333333 0.043750000000000004
0 0.7226666666666667 0.638375 0.054 0.04075
0 0.7281666666666666 0.67675 0.055 0.0415
0 0.7434999999999999 0.733 0.043666666666666666 0.035
0 0.7741666666666667 0.604375 0.043666666666666666 0.03425
0 0.7896666666666666 0.648625 0.04466666666666667 0.035250000000000004
0 0.7913333333333333 0.706375 0.046 0.035250000000000004
