0 0.26116666666666666 0.611 0.04433333333333333 0.0345
0 0.3 0.515375 0.03666666666666667 0.02775
0 0.3025 0.4845 0.03966666666666666 0.03
0 0.30566666666666664 0.555625 0.04466666666666667 0.03225
0 0.30483333333333335 0.629375 0.037 0.03075
0 0.328 0.5826250000000001 0.04533333333333333 0.03325
0 0.33799999999999997 0.665375 0.04133333333333333 0.035250000000000004
0 0.345 0.611 0.041999999999999996 0.0315
0 0.35333333333333333 0.468875 0.04133333333333333 0.03175
0 0.35633333333333334 0.552875 0.04666666666666666 0.03425
0 0.35666666666666663 0.695375 0.044 0.03675
0 0.3595 0.518875 0.042333333333333334 0.03275
0 0.365 0.6395000000000001 0.04066666666666666 0.032
0 0.3738333333333333 0.584125 0.04433333333333333 0.03375
0 0.3853333333333333 0.7345 0.03933333333333333 0.0315
0 0.3943333333333333 0.684125 0.04466666666666667 0.03675
0 0.3918333333333333 0.493875 0.039 0.02875
0 0.4003333333333333 0.61425 0.043333333333333335 0.033
0 0.4031666666666667 0.5455 0.043 0.0345
0 0.4121666666666666 0.646625 0.04033333333333333 0.03325
0 0.41633333333333333 0.4595 0.03933333333333333 0.03
0 0.4205 0.73775 0.043666666666666666 0.0325
0 0.42566666666666664 0.5876250000000001 0.04533333333333333 0.03475
0 0.4355 0.524 0.035666666666666666 0.0315
0 0.4418333333333333 0.48812500000000003 0.043 0.03325
0 0.44166666666666665 0.7010000000000001 0.04133333333333333 0.035
0 0.44566666666666666 0.62475 0.04466666666666667 0.035500000000000004
0 0.44966666666666666 0.5575 0.04533333333333333 0.0335
0 0.45516666666666666 0.435375 0.03766666666666667 0.029750000000000002
0 0.46066666666666667 0.6665 0.04533333333333333 0.034
0 0.4756666666666666 0.750625 0.043333333333333335 0.035250000000000004
0 0.47816666666666663 0.46075 0.041666666666666664 0.032
0 0.48283333333333334 0.6005 0.045 0.035500000000000004
0 0.48983333333333334 0.7145 0.04766666666666666 0.0375
0 0.48933333333333334 0.495875 0.04533333333333333 0.03375
0 0.4933333333333333 0.639125 0.04533333333333333 0.035750000000000004
0 0.4983333333333333 0.53325 0.03666666666666667 0.0325
0 0.5058333333333334 0.67325 0.04566666666666667 0.037
0 0.5075 0.571625 0.04633333333333333 0.03475
0 0.5163333333333333 0.441125 0.038 0.029750000000000002
0 0.5236666666666666 0.47275 0.043333333333333335 0.0325
0 0.5283333333333333 0.615375 0.046 0.035750000000000004
0 0.5298333333333333 0.5095000000000001 0.045 0.034
0 0.5356666666666666 0.7505000000000001 0.04733333333333333 0.0325
0 0.5391666666666667 0.78925 0.047 0.0365
0 0.5381666666666667 0.652 0.04033333333333333 0.034
0 0.5548333333333333 0.700125 0.04833333333333333 0.03675
0 0.5543333333333333 0.55325 0.03866666666666667 0.0305
0 0.5601666666666667 0.5865 0.041 0.0315
0 0.5653333333333334 0.451625 0.043333333333333335 0.03275
0 0.5715 0.480625 0.03966666666666666 0.02925
0 0.5788333333333333 0.627125 0.04766666666666666 0.03675
0 0.581 0.733625 0.049999999999999996 0.03775
0 0.5846666666666667 0.6677500000000001 0.04133333333333333 0.032
0 0.5861666666666666 0.528625 0.03966666666666666 0.03025
0 0.597 0.7837500000000001 0.052 0.0385
0 0.5965 0.563125 0.04833333333333333 0.03475
0 0.6023333333333333 0.700125 0.044 0.03375
0 0.609 0.5975 0.043333333333333335 0.033
0 0.61 0.46037500000000003 0.04466666666666667 0.03425
0 0.61 0.5025000000000001 0.044 0.0345
0 0.6305 0.645875 0.04833333333333333 0.035250000000000004
0 0.6318333333333334 0.756 0.049666666666666665 0.037
0 0.6393333333333333 0.535375 0.043333333333333335 0.03175
0 0.6501666666666667 0.686 0.049666666666666665 0.037
0 0.6513333333333333 0.572375 0.043333333333333335 0.03225
0 0.6575 0.60825 0.048999999999999995 0.0365
0 0.66 0.5045000000000001 0.04466666666666667 0.031
0 0.6726666666666666 0.72 0.04466666666666667 0.0345
0 0.6766666666666666 0.6545 0.046 0.0305
0 0.6793333333333333 0.54425 0.04066666666666666 0.032
0 0.7111666666666666 0.692375 0.04766666666666666 0.03475
0 0.7138333333333333 0.626375 0.048999999999999995 0.03775
0 0.7101666666666666 0.59 0.041666666666666664 0.032
