0 0.24083333333333332 0.550625 0.049666666666666665 0.03875
0 0.26 0.58325 0.04733333333333333 0.035500000000000004
0 0.2876666666666667 0.6567500000000001 0.043333333333333335 0.035500000000000004
0 0.2915 0.622 0.04833333333333333 0.037
0 0.2935 0.539625 0.049666666666666665 0.03925
0 0.30466666666666664 0.7225 0.04933333333333333 0.037
0 0.3095 0.572875 0.04833333333333333 0.03625
0 0.3258333333333333 0.684875 0.051 0.03875
0 0.3358333333333333 0.604 0.04433333333333333 0.036000000000000004
0 0.33716666666666667 0.64 0.045 0.0365
0 0.35466666666666663 0.509 0.04933333333333333 0.0375
0 0.35533333333333333 0.729 0.04533333333333333 0.036000000000000004
0 0.3785 0.690375 0.05233333333333333 0.03975
0 0.3833333333333333 0.5407500000000001 0.046 0.035500000000000004
0 0.3853333333333333 0.613375 0.04666666666666666 0.03375
0 0.384 0.64975 0.043333333333333335 0.035
0 0.39566666666666667 0.57625 0.050666666666666665 0.036000000000000004
0 0.40349999999999997 0.4935 0.047 0.0345
0 0.4131666666666666 0.747375 0.045 0.03475
0 0.42966666666666664 0.521625 0.04933333333333333 0.035250000000000004
0 0.43716666666666665 0.67475 0.05433333333333333 0.0405
0 0.441 0.595875 0.048 0.03725
0 0.4425 0.557125 0.043 0.03375
0 0.45416666666666666 0.720875 0.04433333333333333 0.035750000000000004
0 0.4593333333333333 0.78225 0.04466666666666667 0.0365
0 0.4706666666666667 0.497375 0.043333333333333335 0.03325
0 0.47866666666666663 0.5345 0.04733333333333333 0.035
0 0.48766666666666664 0.571625 0.04933333333333333 0.03775
0 0.49083333333333334 0.648625 0.053 0.04075
0 0.491 0.69075 0.049999999999999996 0.04
0 0.49516666666666664 0.608 0.049666666666666665 0.036000000000000004
0 0.4948333333333333 0.46925 0.04633333333333333 0.035
0 0.5146666666666666 0.742375 0.062 0.04075
0 0.5121666666666667 0.51075 0.03966666666666666 0.0325
0 0.5345 0.54975 0.042333333333333334 0.0335
0 0.5381666666666667 0.482625 0.047 0.03375
0 0.5386666666666666 0.5845 0.041999999999999996 0.0325
0 0.5433333333333333 0.622375 0.050666666666666665 0.03725
0 0.5455 0.6657500000000001 0.04566666666666667 0.035
0 0.5538333333333333 0.71225 0.055 0.04
0 0.5746666666666667 0.77075 0.05333333333333333 0.0415
0 0.571 0.5201250000000001 0.042666666666666665 0.03275
0 0.5813333333333334 0.56375 0.049999999999999996 0.039
0 0.5861666666666666 0.60175 0.04833333333333333 0.0335
0 0.5876666666666667 0.484875 0.04933333333333333 0.03775
0 0.594 0.640375 0.048666666666666664 0.03875
0 0.6063333333333333 0.717375 0.048 0.03475
0 0.6074999999999999 0.67825 0.04566666666666667 0.035500000000000004
0 0.6226666666666666 0.788375 0.054 0.04175
0 0.6194999999999999 0.534125 0.04433333333333333 0.03275
0 0.6278333333333334 0.5735 0.043666666666666666 0.035
0 0.6366666666666666 0.61075 0.052 0.04
0 0.6486666666666666 0.5005000000000001 0.049999999999999996 0.032
0 0.6558333333333333 0.65725 0.051666666666666666 0.039
0 0.6663333333333333 0.69975 0.056 0.043000000000000003
0 0.6621666666666667 0.54 0.043666666666666666 0.035500000000000004
0 0.6678333333333333 0.74 0.045 0.035500000000000004
0 0.6913333333333334 0.6325000000000001 0.050666666666666665 0.0385
0 0.6881666666666666 0.591875 0.041666666666666664 0.03425
0 0.7033333333333333 0.671625 0.046 0.035250000000000004
0 0.7241666666666666 0.71575 0.05566666666666666 0.04
