0 0.27466666666666667 0.616125 0.04 0.02875
0 0.30433333333333334 0.6345000000000001 0.035333333333333335 0.028
0 0.30833333333333335 0.665375 0.04066666666666666 0.03125
0 0.3233333333333333 0.695875 0.03866666666666667 0.02675
0 0.328 0.614625 0.03866666666666667 0.03125
0 0.3403333333333333 0.733 0.04066666666666666 0.029500000000000002
0 0.3428333333333333 0.641875 0.041666666666666664 0.03075
0 0.3438333333333333 0.67275 0.039 0.0315
0 0.35183333333333333 0.590375 0.037 0.02875
0 0.36333333333333334 0.70675 0.04066666666666666 0.029500000000000002
0 0.3655 0.56225 0.034999999999999996 0.028
0 0.3695 0.618125 0.03966666666666666 0.029750000000000002
0 0.3853333333333333 0.731375 0.03866666666666667 0.03025
0 0.3855 0.534875 0.03766666666666667 0.02675
0 0.3865 0.68025 0.03966666666666666 0.0305
0 0.3875 0.764125 0.041 0.03275
0 0.3888333333333333 0.641625 0.04033333333333333 0.029750000000000002
0 0.3873333333333333 0.592375 0.036 0.02675
0 0.4048333333333333 0.5595 0.041666666666666664 0.031
0 0.4046666666666667 0.7056250000000001 0.03933333333333333 0.03075
0 0.4075 0.791125 0.041 0.029750000000000002
0 0.41666666666666663 0.619375 0.038 0.02825
0 0.42516666666666664 0.59075 0.042333333333333334 0.0315
0 0.42233333333333334 0.730625 0.036 0.02825
0 0.42666666666666664 0.675625 0.04066666666666666 0.03225
0 0.42466666666666664 0.532125 0.036 0.02525
0 0.42783333333333334 0.76225 0.039 0.0325
0 0.42983333333333335 0.64625 0.036333333333333336 0.028
0 0.445 0.558 0.04133333333333333 0.029
0 0.44716666666666666 0.82325 0.039 0.031
0 0.4455 0.702875 0.034333333333333334 0.02925
0 0.45516666666666666 0.62125 0.034333333333333334 0.0275
0 0.45666666666666667 0.5317500000000001 0.032 0.0245
0 0.4613333333333333 0.737625 0.038 0.03275
0 0.4623333333333333 0.5935 0.034666666666666665 0.0265
0 0.4671666666666667 0.673625 0.034999999999999996 0.02825
0 0.473 0.645875 0.04133333333333333 0.02925
0 0.4711666666666667 0.7661250000000001 0.036333333333333336 0.03025
0 0.477 0.798625 0.038 0.03225
0 0.48783333333333334 0.699375 0.04033333333333333 0.03225
0 0.49033333333333334 0.533375 0.03733333333333333 0.02775
0 0.48866666666666664 0.56225 0.03333333333333333 0.0275
0 0.4935 0.617625 0.041666666666666664 0.03025
0 0.506 0.58925 0.038 0.0285
0 0.5053333333333333 0.666625 0.036 0.02925
0 0.5095 0.759875 0.043666666666666666 0.03475
0 0.5138333333333334 0.7973750000000001 0.04033333333333333 0.03425
0 0.5116666666666666 0.723625 0.036 0.03025
0 0.5225 0.640375 0.039 0.02775
0 0.5276666666666666 0.543875 0.03733333333333333 0.02625
0 0.5288333333333333 0.698625 0.036333333333333336 0.029750000000000002
0 0.5345 0.61075 0.041666666666666664 0.029
0 0.5449999999999999 0.671625 0.034666666666666665 0.029750000000000002
0 0.5475 0.780625 0.036333333333333336 0.03025
0 0.5549999999999999 0.751375 0.04133333333333333 0.02925
0 0.5543333333333333 0.576625 0.04 0.03025
0 0.5695 0.7235 0.045 0.0335
0 0.57 0.64 0.03933333333333333 0.0315
0 0.572 0.6098750000000001 0.04066666666666666 0.02875
0 0.5783333333333334 0.692375 0.03666666666666667 0.02875
0 0.5878333333333333 0.788875 0.03966666666666666 0.02925
0 0.5923333333333333 0.75125 0.041999999999999996 0.029
0 0.6011666666666666 0.665375 0.03766666666666667 0.02725
0 0.6043333333333333 0.62825 0.03933333333333333 0.028
0 0.6136666666666667 0.721625 0.03933333333333333 0.03075
0 0.622 0.691125 0.04466666666666667 0.03175
