0 0.26216666666666666 0.54975 0.04633333333333333 0.0365
0 0.288 0.581875 0.03933333333333333 0.03225
0 0.304 0.6567500000000001 0.04533333333333333 0.0335
0 0.31166666666666665 0.604125 0.04533333333333333 0.03475
0 0.34833333333333333 0.516875 0.043333333333333335 0.03225
0 0.3525 0.547875 0.04566666666666667 0.03375
0 0.36233333333333334 0.586 0.04066666666666666 0.0325
0 0.37816666666666665 0.623625 0.04633333333333333 0.035750000000000004
0 0.3828333333333333 0.664625 0.045 0.03475
0 0.39499999999999996 0.561875 0.04066666666666666 0.03375
0 0.40549999999999997 0.7036250000000001 0.043666666666666666 0.03625
0 0.4105 0.522 0.045 0.0345
0 0.42033333333333334 0.595375 0.04066666666666666 0.03225
0 0.4383333333333333 0.4895 0.048 0.0345
0 0.4365 0.753625 0.04033333333333333 0.03675
0 0.4403333333333333 0.63375 0.04666666666666666 0.0365
0 0.45499999999999996 0.521625 0.04666666666666666 0.03475
0 0.45399999999999996 0.671625 0.041999999999999996 0.03275
0 0.45349999999999996 0.5650000000000001 0.04033333333333333 0.0335
0 0.479 0.71425 0.049999999999999996 0.039
0 0.48266666666666663 0.752875 0.043333333333333335 0.03475
0 0.48766666666666664 0.600125 0.04733333333333333 0.03625
0 0.4905 0.49275 0.04433333333333333 0.034
0 0.4958333333333333 0.640875 0.04433333333333333 0.03325
0 0.49866666666666665 0.67625 0.04533333333333333 0.036000000000000004
0 0.5065 0.52825 0.04566666666666667 0.0315
0 0.5106666666666666 0.5630000000000001 0.043333333333333335 0.033
0 0.5308333333333333 0.715375 0.04833333333333333 0.03675
0 0.5449999999999999 0.774375 0.049999999999999996 0.03825
0 0.5429999999999999 0.49462500000000004 0.043333333333333335 0.03125
0 0.5433333333333333 0.608 0.042666666666666665 0.0325
0 0.5585 0.6435 0.04833333333333333 0.0365
0 0.5596666666666666 0.5700000000000001 0.043333333333333335 0.0325
0 0.5621666666666667 0.683 0.043 0.033
0 0.569 0.521625 0.04133333333333333 0.03225
0 0.5783333333333334 0.739625 0.044 0.03225
0 0.5866666666666667 0.481 0.044 0.033
0 0.5871666666666666 0.60675 0.043666666666666666 0.033
0 0.6008333333333333 0.784125 0.049666666666666665 0.03825
0 0.6143333333333333 0.57525 0.04533333333333333 0.0325
0 0.6231666666666666 0.6900000000000001 0.051666666666666666 0.0365
0 0.631 0.65375 0.048 0.036000000000000004
0 0.642 0.522 0.04066666666666666 0.0305
0 0.6491666666666667 0.611125 0.048999999999999995 0.03475
0 0.6533333333333333 0.747375 0.04666666666666666 0.03225
0 0.6758333333333333 0.64275 0.045 0.03
0 0.6809999999999999 0.67525 0.043333333333333335 0.033
