0 0.2455 0.632875 0.045 0.03475
0 0.25616666666666665 0.51225 0.045 0.0365
0 0.253 0.597375 0.03866666666666667 0.03025
0 0.25816666666666666 0.672875 0.043 0.035250000000000004
0 0.2901666666666667 0.615375 0.04433333333333333 0.035750000000000004
0 0.2945 0.58175 0.042333333333333334 0.0315
0 0.2965 0.651375 0.035666666666666666 0.03075
0 0.30666666666666664 0.546625 0.043333333333333335 0.03075
0 0.326 0.693125 0.04733333333333333 0.03325
0 0.33066666666666666 0.6025 0.04466666666666667 0.0315
0 0.3418333333333333 0.56975 0.039 0.03
0 0.3506666666666667 0.640375 0.04466666666666667 0.03475
0 0.35366666666666663 0.53225 0.041999999999999996 0.0315
0 0.35766666666666663 0.718125 0.04 0.03125
0 0.36866666666666664 0.682625 0.044 0.03625
0 0.37616666666666665 0.492375 0.03833333333333333 0.02925
0 0.3903333333333333 0.57325 0.04466666666666667 0.034
0 0.38916666666666666 0.647 0.039 0.0325
0 0.39349999999999996 0.75375 0.042333333333333334 0.031
0 0.3968333333333333 0.6098750000000001 0.03766666666666667 0.03225
0 0.408 0.52975 0.043333333333333335 0.031
0 0.4083333333333333 0.7106250000000001 0.04066666666666666 0.03125
0 0.4215 0.6763750000000001 0.04833333333333333 0.03625
0 0.42766666666666664 0.502875 0.04133333333333333 0.03175
0 0.4375 0.566875 0.039 0.03275
0 0.4423333333333333 0.77475 0.04 0.032
0 0.4445 0.638 0.041666666666666664 0.0345
0 0.44866666666666666 0.73575 0.04066666666666666 0.033
0 0.4593333333333333 0.5985 0.04666666666666666 0.036000000000000004
0 0.45849999999999996 0.522375 0.043666666666666666 0.03375
0 0.46066666666666667 0.7005 0.04533333333333333 0.035
0 0.4766666666666666 0.6665 0.044 0.031
0 0.489 0.76975 0.04666666666666666 0.035500000000000004
0 0.49 0.5665 0.04466666666666667 0.0335
0 0.49366666666666664 0.500875 0.04533333333333333 0.03375
0 0.49616666666666664 0.631 0.04433333333333333 0.0335
0 0.5031666666666667 0.7348750000000001 0.048999999999999995 0.03675
0 0.5028333333333334 0.8043750000000001 0.041666666666666664 0.03375
0 0.5043333333333333 0.694625 0.04 0.03175
0 0.5091666666666667 0.534625 0.04633333333333333 0.03425
0 0.509 0.597875 0.04466666666666667 0.03425
0 0.5215 0.661875 0.04833333333333333 0.035250000000000004
0 0.5298333333333333 0.77625 0.03766666666666667 0.0315
0 0.5393333333333333 0.50325 0.048666666666666664 0.0345
0 0.5366666666666666 0.5665 0.04133333333333333 0.0315
0 0.5401666666666667 0.626375 0.043666666666666666 0.03125
0 0.5455 0.7005 0.04766666666666666 0.035500000000000004
0 0.5553333333333333 0.743 0.048 0.036000000000000004
0 0.5555 0.536875 0.045 0.03425
0 0.5589999999999999 0.5962500000000001 0.046 0.035
0 0.5599999999999999 0.80675 0.041999999999999996 0.033
0 0.57 0.671625 0.043333333333333335 0.03225
0 0.5778333333333333 0.77475 0.04766666666666666 0.037
0 0.5788333333333333 0.5645 0.047 0.0345
0 0.5918333333333333 0.633625 0.041666666666666664 0.03325
0 0.6063333333333333 0.69775 0.048 0.036000000000000004
0 0.6063333333333333 0.598625 0.04666666666666666 0.03625
0 0.608 0.534125 0.04133333333333333 0.03125
0 0.609 0.825625 0.041999999999999996 0.03325
0 0.6168333333333333 0.73175 0.043666666666666666 0.033
0 0.6224999999999999 0.663875 0.051 0.03775
0 0.6283333333333333 0.566125 0.04466666666666667 0.03175
0 0.6403333333333333 0.7791250000000001 0.048 0.03625
0 0.6433333333333333 0.630625 0.042666666666666665 0.03175
0 0.6538333333333333 0.70525 0.04033333333333333 0.031
0 0.6606666666666666 0.600125 0.042666666666666665 0.03375
0 0.6648333333333333 0.73725 0.050333333333333334 0.0365
0 0.6688333333333333 0.670875 0.043666666666666666 0.03325
0 0.6955 0.6431250000000001 0.041 0.029750000000000002
0 0.7178333333333333 0.702875 0.04833333333333333 0.03675
0 0.733 0.666125 0.04533333333333333 0.03425
