0 0.3135 0.6095 0.050333333333333334 0.036000000000000004
0 0.32166666666666666 0.65125 0.04666666666666666 0.0335
0 0.3348333333333333 0.69975 0.049666666666666665 0.038
0 0.34249999999999997 0.5775 0.042333333333333334 0.0345
0 0.36733333333333335 0.611375 0.041999999999999996 0.03175
0 0.3705 0.66225 0.043666666666666666 0.0345
0 0.37083333333333335 0.538375 0.04433333333333333 0.03825
0 0.38016666666666665 0.73875 0.043666666666666666 0.0325
0 0.4013333333333333 0.5845 0.048666666666666664 0.0365
0 0.40066666666666667 0.48725 0.04466666666666667 0.032
0 0.41483333333333333 0.625125 0.050333333333333334 0.03825
0 0.41383333333333333 0.5415 0.03966666666666666 0.031
0 0.42183333333333334 0.664625 0.04433333333333333 0.035250000000000004
0 0.43016666666666664 0.706875 0.04433333333333333 0.03375
0 0.4328333333333333 0.751625 0.04566666666666667 0.03425
0 0.4465 0.5806250000000001 0.04033333333333333 0.03125
0 0.45449999999999996 0.491875 0.041 0.03075
0 0.4715 0.64425 0.050333333333333334 0.037
0 0.477 0.5185 0.04666666666666666 0.0345
0 0.478 0.608 0.048 0.036000000000000004
0 0.49083333333333334 0.687625 0.05366666666666667 0.04075
0 0.489 0.727875 0.04733333333333333 0.035250000000000004
0 0.49216666666666664 0.774 0.049666666666666665 0.035
0 0.5018333333333334 0.573875 0.050333333333333334 0.03675
0 0.5065 0.474375 0.04833333333333333 0.035750000000000004
0 0.5231666666666667 0.511875 0.04766666666666666 0.035250000000000004
0 0.5283333333333333 0.65525 0.051333333333333335 0.0385
0 0.5273333333333333 0.601625 0.048 0.035250000000000004
0 0.5403333333333333 0.75875 0.05466666666666666 0.04
0 0.5423333333333333 0.702125 0.04666666666666666 0.03775
0 0.5511666666666667 0.54625 0.043 0.033
0 0.5611666666666667 0.476375 0.04833333333333333 0.03475
0 0.5716666666666667 0.5795 0.04933333333333333 0.0375
0 0.5711666666666666 0.80525 0.04633333333333333 0.037
0 0.5776666666666667 0.727875 0.048666666666666664 0.03725
0 0.5771666666666666 0.511 0.04766666666666666 0.0365
0 0.5778333333333333 0.647375 0.04566666666666667 0.035250000000000004
0 0.6043333333333333 0.546125 0.04933333333333333 0.03675
0 0.6111666666666666 0.67975 0.051666666666666666 0.0395
0 0.6106666666666667 0.614625 0.044 0.03625
0 0.6116666666666667 0.7701250000000001 0.04533333333333333 0.03475
0 0.6283333333333333 0.73175 0.05333333333333333 0.039
0 0.6371666666666667 0.5795 0.050333333333333334 0.04
0 0.6345 0.515 0.041666666666666664 0.032
0 0.6475 0.647 0.05366666666666667 0.039
0 0.657 0.6990000000000001 0.051333333333333335 0.0405
0 0.6638333333333333 0.543875 0.043 0.03225
0 0.6648333333333333 0.810625 0.045 0.035250000000000004
0 0.6813333333333333 0.765375 0.052 0.04125
0 0.6793333333333333 0.61225 0.04733333333333333 0.0345
0 0.6935 0.57975 0.043 0.0325
0 0.6996666666666667 0.726375 0.046 0.035750000000000004
0 0.7183333333333333 0.8240000000000001 0.04533333333333333 0.037
0 0.7216666666666667 0.686875 0.04666666666666666 0.03625
0 0.722 0.6505 0.044 0.036000000000000004
0 0.7376666666666667 0.784125 0.05466666666666666 0.04275
0 0.7508333333333334 0.723125 0.05366666666666667 0.03975
0 0.7538333333333334 0.622 0.04633333333333333 0.035
0 0.7955 0.646625 0.048999999999999995 0.035750000000000004
0 0.8023333333333333 0.686125 0.050666666666666665 0.04025
