0 0.33766666666666667 0.629375 0.043333333333333335 0.03375
0 0.3481666666666667 0.499 0.043666666666666666 0.0325
0 0.35466666666666663 0.588125 0.050666666666666665 0.03725
0 0.3938333333333333 0.680625 0.04766666666666666 0.035750000000000004
0 0.39766666666666667 0.732125 0.04733333333333333 0.035750000000000004
0 0.39699999999999996 0.54125 0.043333333333333335 0.034
0 0.4031666666666667 0.624 0.055 0.043000000000000003
0 0.4105 0.5845 0.04833333333333333 0.037
0 0.4103333333333333 0.498125 0.044 0.03425
0 0.4358333333333333 0.663 0.050333333333333334 0.0365
0 0.4455 0.54775 0.05366666666666667 0.0395
0 0.45749999999999996 0.606375 0.051666666666666666 0.03925
0 0.45699999999999996 0.509875 0.04933333333333333 0.03725
0 0.47883333333333333 0.475125 0.050333333333333334 0.03725
0 0.48866666666666664 0.713125 0.05733333333333333 0.043750000000000004
0 0.487 0.75525 0.048666666666666664 0.0385
0 0.508 0.584125 0.051333333333333335 0.03825
0 0.5121666666666667 0.53325 0.053 0.038
0 0.5225 0.495875 0.051 0.03625
0 0.5256666666666666 0.622375 0.05733333333333333 0.04125
0 0.5288333333333333 0.681875 0.058333333333333334 0.043250000000000004
0 0.5386666666666666 0.747125 0.058666666666666666 0.043750000000000004
0 0.5413333333333333 0.457125 0.051333333333333335 0.03675
0 0.5543333333333333 0.565875 0.051333333333333335 0.03675
0 0.5606666666666666 0.5211250000000001 0.043333333333333335 0.03375
0 0.5725 0.652875 0.056999999999999995 0.04225
0 0.5751666666666666 0.48612500000000003 0.04833333333333333 0.03775
0 0.5798333333333333 0.608375 0.049666666666666665 0.03625
0 0.5881666666666666 0.7005 0.05366666666666667 0.041
0 0.5955 0.7705 0.051666666666666666 0.0375
0 0.6143333333333333 0.5455 0.052 0.039
0 0.6216666666666667 0.5075000000000001 0.042666666666666665 0.0345
0 0.6345 0.5876250000000001 0.057666666666666665 0.04875
0 0.6403333333333333 0.64 0.05266666666666667 0.0415
0 0.6433333333333333 0.6900000000000001 0.051333333333333335 0.0405
0 0.6445 0.732625 0.053 0.04075
0 0.6719999999999999 0.52825 0.05333333333333333 0.04
0 0.6861666666666666 0.57325 0.05633333333333333 0.0415
0 0.6966666666666667 0.61775 0.05733333333333333 0.0445
0 0.697 0.659625 0.052 0.03825
0 0.7006666666666667 0.71375 0.05533333333333333 0.048
0 0.7413333333333333 0.5493750000000001 0.05333333333333333 0.03825
0 0.745 0.63925 0.051333333333333335 0.042
0 0.7454999999999999 0.59 0.04766666666666666 0.0375
0 0.7531666666666667 0.695375 0.06233333333333333 0.04725
0 0.7935 0.62 0.05433333333333333 0.0415
0 0.7959999999999999 0.5775 0.04733333333333333 0.0345
