0 0.29166666666666663 0.584875 0.03933333333333333 0.03175
0 0.2935 0.513875 0.041666666666666664 0.035250000000000004
0 0.2935 0.392125 0.03966666666666666 0.029750000000000002
0 0.312 0.5485 0.04466666666666667 0.0345
0 0.3145 0.618125 0.041 0.03275
0 0.3215 0.48025 0.04033333333333333 0.033
0 0.3418333333333333 0.586125 0.043 0.03375
0 0.346 0.649375 0.04066666666666666 0.03275
0 0.3515 0.51025 0.04433333333333333 0.033
0 0.37083333333333335 0.54475 0.043666666666666666 0.034
0 0.3718333333333333 0.6185 0.045 0.0335
0 0.3895 0.579125 0.042333333333333334 0.02925
0 0.39566666666666667 0.417625 0.044 0.03475
0 0.40066666666666667 0.65325 0.04066666666666666 0.0285
0 0.40599999999999997 0.450875 0.04066666666666666 0.03025
0 0.4111666666666667 0.6072500000000001 0.037 0.0305
0 0.427 0.386875 0.044 0.03425
0 0.428 0.696625 0.03866666666666667 0.03025
0 0.432 0.522 0.04533333333333333 0.0345
0 0.43516666666666665 0.47750000000000004 0.041666666666666664 0.033
0 0.4408333333333333 0.42512500000000003 0.04566666666666667 0.03175
0 0.448 0.649 0.041999999999999996 0.0335
0 0.45066666666666666 0.573875 0.046 0.03475
0 0.46016666666666667 0.45475 0.041 0.029500000000000002
0 0.4708333333333333 0.486875 0.035666666666666666 0.03175
0 0.4761666666666666 0.5385 0.043 0.0345
0 0.47916666666666663 0.402375 0.04433333333333333 0.03425
0 0.477 0.6098750000000001 0.03933333333333333 0.03175
0 0.49166666666666664 0.688875 0.048666666666666664 0.035750000000000004
0 0.5001666666666666 0.573875 0.04633333333333333 0.03425
0 0.5043333333333333 0.431 0.04133333333333333 0.034
0 0.5101666666666667 0.723625 0.04766666666666666 0.03675
0 0.51 0.64125 0.046 0.031
0 0.5221666666666667 0.462625 0.045 0.03375
0 0.521 0.5427500000000001 0.03866666666666667 0.03
0 0.5266666666666666 0.605625 0.04466666666666667 0.03275
0 0.5283333333333333 0.5075000000000001 0.042666666666666665 0.032
0 0.5408333333333333 0.6825 0.04033333333333333 0.031
0 0.5575 0.57825 0.050333333333333334 0.035
0 0.5559999999999999 0.438375 0.043333333333333335 0.03425
0 0.5611666666666667 0.47875 0.041 0.0325
0 0.5736666666666667 0.544625 0.043333333333333335 0.03325
0 0.5815 0.6565 0.043666666666666666 0.034
0 0.5891666666666666 0.6135 0.04566666666666667 0.0315
0 0.5866666666666667 0.7282500000000001 0.03933333333333333 0.0345
0 0.5966666666666667 0.422 0.04733333333333333 0.035
0 0.5955 0.45525 0.03766666666666667 0.029
0 0.6026666666666667 0.688375 0.048 0.03475
0 0.6013333333333333 0.5005000000000001 0.04 0.0305
0 0.6121666666666666 0.570375 0.041 0.03225
0 0.6303333333333333 0.5317500000000001 0.044 0.034
0 0.6295 0.645875 0.03833333333333333 0.03275
0 0.6391666666666667 0.43725 0.045 0.036000000000000004
0 0.6376666666666666 0.479125 0.04133333333333333 0.029750000000000002
0 0.643 0.7146250000000001 0.04133333333333333 0.03275
0 0.6611666666666667 0.6813750000000001 0.045 0.03375
0 0.6605 0.60175 0.043 0.037
0 0.6689999999999999 0.561125 0.04466666666666667 0.03425
0 0.6726666666666666 0.511 0.044 0.0305
0 0.6798333333333333 0.6481250000000001 0.04766666666666666 0.035250000000000004
0 0.6971666666666666 0.4645 0.043666666666666666 0.034
0 0.6996666666666667 0.72875 0.046 0.036000000000000004
0 0.7141666666666666 0.5455 0.045 0.0345
0 0.7178333333333333 0.59275 0.039 0.03
0 0.7361666666666666 0.50375 0.041 0.0315
0 0.7444999999999999 0.67675 0.03966666666666666 0.033
0 0.7705 0.636875 0.04566666666666667 0.03025
0 0.7773333333333333 0.56775 0.042666666666666665 0.033
0 0.7913333333333333 0.52825 0.03933333333333333 0.0315
