0 0.24583333333333332 0.57125 0.047 0.0365
0 0.257 0.5181250000000001 0.048 0.03875
0 0.2575 0.611 0.047 0.0365
0 0.30483333333333335 0.62125 0.05566666666666666 0.042
0 0.30366666666666664 0.506 0.049999999999999996 0.038
0 0.3138333333333333 0.545125 0.05233333333333333 0.03875
0 0.33149999999999996 0.4685 0.05366666666666667 0.0415
0 0.35883333333333334 0.5650000000000001 0.05366666666666667 0.043000000000000003
0 0.364 0.42475 0.051333333333333335 0.042
0 0.3685 0.509875 0.05566666666666666 0.04175
0 0.3733333333333333 0.691125 0.04733333333333333 0.03875
0 0.38816666666666666 0.466125 0.04433333333333333 0.03625
0 0.3983333333333333 0.38075000000000003 0.05533333333333333 0.043000000000000003
0 0.40249999999999997 0.623125 0.059666666666666666 0.04625
0 0.4073333333333333 0.7365 0.06066666666666667 0.043000000000000003
0 0.4056666666666667 0.545125 0.05466666666666666 0.04075
0 0.41916666666666663 0.4295 0.05566666666666666 0.041
0 0.41766666666666663 0.498125 0.04733333333333333 0.035250000000000004
0 0.4373333333333333 0.671625 0.05266666666666667 0.03825
0 0.45899999999999996 0.634125 0.058666666666666666 0.04225
0 0.4583333333333333 0.455125 0.04733333333333333 0.03825
0 0.46299999999999997 0.76225 0.05333333333333333 0.0395
0 0.4646666666666667 0.3995 0.056 0.043000000000000003
0 0.46316666666666667 0.540375 0.049666666666666665 0.03775
0 0.4683333333333333 0.49775 0.048 0.036000000000000004
0 0.4745 0.58775 0.059 0.047
0 0.49366666666666664 0.713875 0.052 0.03825
0 0.5048333333333334 0.43025 0.05633333333333333 0.044
0 0.508 0.673625 0.05733333333333333 0.04475
0 0.5121666666666667 0.5205 0.049666666666666665 0.0385
0 0.5168333333333334 0.627875 0.051 0.03925
0 0.5236666666666666 0.56225 0.056666666666666664 0.041
0 0.5293333333333333 0.47825 0.05733333333333333 0.0445
0 0.5533333333333333 0.724 0.057999999999999996 0.044
0 0.5563333333333333 0.774 0.05333333333333333 0.043000000000000003
0 0.5575 0.43025 0.05366666666666667 0.037
0 0.5626666666666666 0.59225 0.051333333333333335 0.0385
0 0.5673333333333334 0.391625 0.057999999999999996 0.043750000000000004
0 0.5653333333333334 0.684875 0.05333333333333333 0.03875
0 0.5881666666666666 0.48225 0.05633333333333333 0.0455
0 0.6053333333333333 0.5555 0.06 0.0445
0 0.6073333333333333 0.637625 0.06333333333333332 0.04475
0 0.6128333333333333 0.724375 0.061 0.04425
0 0.6153333333333333 0.775875 0.049999999999999996 0.03875
0 0.622 0.411875 0.06 0.04525
0 0.6241666666666666 0.598625 0.06033333333333333 0.043750000000000004
0 0.6251666666666666 0.515 0.05433333333333333 0.038
0 0.6376666666666666 0.67675 0.056 0.0505
0 0.6366666666666666 0.451 0.05266666666666667 0.038
0 0.6689999999999999 0.55125 0.058666666666666666 0.043000000000000003
0 0.6719999999999999 0.48812500000000003 0.05733333333333333 0.04525
0 0.6776666666666666 0.79225 0.06 0.046
0 0.6815 0.63525 0.05433333333333333 0.0385
0 0.7065 0.59275 0.061 0.046
0 0.7261666666666666 0.515 0.05366666666666667 0.042
0 0.7256666666666667 0.729875 0.052 0.03925
0 0.7523333333333333 0.55525 0.057999999999999996 0.042
0 0.7605 0.673875 0.055 0.04075
0 0.772 0.6168750000000001 0.05933333333333333 0.04425
0 0.822 0.5896250000000001 0.049999999999999996 0.04125
