0 0.20183333333333334 0.602125 0.042333333333333334 0.03325
0 0.2215 0.5645 0.049666666666666665 0.0415
0 0.24916666666666665 0.635625 0.042333333333333334 0.03375
0 0.2628333333333333 0.53025 0.049666666666666665 0.037
0 0.29266666666666663 0.4985 0.049999999999999996 0.0395
0 0.29533333333333334 0.570875 0.050666666666666665 0.03725
0 0.317 0.624375 0.04733333333333333 0.04275
0 0.32366666666666666 0.5325 0.048666666666666664 0.0385
0 0.3225 0.45987500000000003 0.045 0.03925
0 0.34833333333333333 0.49225 0.044 0.035
0 0.35666666666666663 0.6825 0.04466666666666667 0.034
0 0.36816666666666664 0.564875 0.051666666666666666 0.03975
0 0.3723333333333333 0.42662500000000003 0.048 0.03975
0 0.37666666666666665 0.622125 0.05266666666666667 0.04075
0 0.3843333333333333 0.5181250000000001 0.043333333333333335 0.03175
0 0.3928333333333333 0.47050000000000003 0.04833333333333333 0.036000000000000004
0 0.4075 0.717 0.056999999999999995 0.041
0 0.41983333333333334 0.56925 0.051 0.039
0 0.42683333333333334 0.670375 0.04766666666666666 0.03625
0 0.4363333333333333 0.752875 0.048666666666666664 0.03875
0 0.434 0.5181250000000001 0.044 0.03325
0 0.43866666666666665 0.434125 0.049999999999999996 0.03825
0 0.44716666666666666 0.631375 0.051666666666666666 0.03775
0 0.4478333333333333 0.481 0.045 0.0345
0 0.4701666666666667 0.718875 0.04633333333333333 0.03675
0 0.477 0.552125 0.048 0.03725
0 0.49366666666666664 0.6052500000000001 0.05466666666666666 0.0425
0 0.49466666666666664 0.456 0.04933333333333333 0.037
0 0.5026666666666666 0.684125 0.05533333333333333 0.043750000000000004
0 0.499 0.7685 0.048 0.0395
0 0.5018333333333334 0.418875 0.048999999999999995 0.03775
0 0.5126666666666666 0.501 0.052 0.04
0 0.5215 0.53925 0.043666666666666666 0.0385
0 0.5273333333333333 0.640875 0.046 0.03625
0 0.5366666666666666 0.57675 0.05533333333333333 0.042
0 0.5376666666666666 0.722125 0.056 0.04175
0 0.542 0.462625 0.043333333333333335 0.03375
0 0.5531666666666667 0.42712500000000003 0.05366666666666667 0.03875
0 0.5621666666666667 0.760375 0.048999999999999995 0.03775
0 0.569 0.689625 0.048 0.03675
0 0.5768333333333333 0.61225 0.04833333333333333 0.0375
0 0.5855 0.497875 0.051666666666666666 0.03825
0 0.6033333333333333 0.73375 0.056666666666666664 0.0425
0 0.6084999999999999 0.652 0.06233333333333333 0.043000000000000003
0 0.6101666666666666 0.566875 0.05433333333333333 0.04175
0 0.6271666666666667 0.786375 0.059666666666666666 0.04525
0 0.622 0.527375 0.04733333333333333 0.03625
0 0.623 0.458 0.046 0.036000000000000004
0 0.6345 0.691125 0.05566666666666666 0.04225
0 0.6366666666666666 0.6135 0.056 0.042
0 0.6543333333333333 0.49462500000000004 0.042666666666666665 0.03475
0 0.6621666666666667 0.57675 0.048999999999999995 0.0375
0 0.6726666666666666 0.6521250000000001 0.04733333333333333 0.03775
0 0.6756666666666666 0.529125 0.046 0.035250000000000004
0 0.6965 0.7488750000000001 0.048999999999999995 0.03675
0 0.7048333333333333 0.6188750000000001 0.05566666666666666 0.04275
0 0.72 0.7036250000000001 0.051333333333333335 0.03825
0 0.73 0.579875 0.04933333333333333 0.03775
0 0.744 0.649375 0.05333333333333333 0.03975
0 0.7766666666666666 0.618125 0.046 0.03475
