0 0.151 0.520375 0.046 0.035250000000000004
0 0.15583333333333332 0.572875 0.048999999999999995 0.03975
0 0.16849999999999998 0.47750000000000004 0.047 0.0395
0 0.18966666666666665 0.617 0.05533333333333333 0.043000000000000003
0 0.21266666666666667 0.5455 0.052 0.039
0 0.216 0.50525 0.04533333333333333 0.035
0 0.23483333333333334 0.5876250000000001 0.04833333333333333 0.04225
0 0.23716666666666666 0.464875 0.043666666666666666 0.03825
0 0.24016666666666667 0.626375 0.048999999999999995 0.03725
0 0.27316666666666667 0.5427500000000001 0.04633333333333333 0.0345
0 0.2816666666666667 0.507125 0.04666666666666666 0.035250000000000004
0 0.286 0.608375 0.049999999999999996 0.03825
0 0.2905 0.65325 0.05433333333333333 0.0415
0 0.2865 0.455625 0.043 0.03225
0 0.30733333333333335 0.568125 0.05333333333333333 0.04125
0 0.3198333333333333 0.52475 0.049666666666666665 0.0415
0 0.33016666666666666 0.43725 0.04833333333333333 0.0345
0 0.3398333333333333 0.627875 0.05633333333333333 0.04225
0 0.33866666666666667 0.71375 0.05333333333333333 0.04
0 0.33316666666666667 0.48612500000000003 0.041 0.03225
0 0.358 0.59 0.05266666666666667 0.039
0 0.3775 0.658375 0.05633333333333333 0.04175
0 0.37466666666666665 0.55175 0.049999999999999996 0.038
0 0.3773333333333333 0.468125 0.049999999999999996 0.03775
0 0.3793333333333333 0.509875 0.043333333333333335 0.03175
0 0.3903333333333333 0.725125 0.05533333333333333 0.043250000000000004
0 0.38966666666666666 0.422875 0.05266666666666667 0.03625
0 0.39749999999999996 0.6205 0.05366666666666667 0.0395
0 0.4145 0.77525 0.05366666666666667 0.0425
0 0.4155 0.5740000000000001 0.04433333333333333 0.035
0 0.425 0.536 0.042666666666666665 0.0315
0 0.42933333333333334 0.49312500000000004 0.042666666666666665 0.03225
0 0.4425 0.735 0.056999999999999995 0.042
0 0.43716666666666665 0.39825 0.045 0.029
0 0.4373333333333333 0.45837500000000003 0.044 0.035250000000000004
0 0.4433333333333333 0.645 0.051333333333333335 0.04
0 0.4483333333333333 0.6885 0.050666666666666665 0.038
0 0.45749999999999996 0.802875 0.06366666666666666 0.04475
0 0.44966666666666666 0.602875 0.04466666666666667 0.03475
0 0.4633333333333333 0.554 0.05266666666666667 0.04
0 0.472 0.486 0.041999999999999996 0.0325
0 0.48816666666666664 0.441875 0.05233333333333333 0.04175
0 0.48583333333333334 0.51925 0.042333333333333334 0.033
0 0.4885 0.62625 0.04433333333333333 0.0365
0 0.4955 0.747125 0.048999999999999995 0.03725
0 0.5033333333333333 0.663 0.056 0.043500000000000004
0 0.49916666666666665 0.585 0.047 0.036000000000000004
0 0.5038333333333334 0.70675 0.05566666666666666 0.044
0 0.5141666666666667 0.82875 0.051 0.039
0 0.5173333333333333 0.4915 0.044 0.0335
0 0.5303333333333333 0.52625 0.04666666666666666 0.033
0 0.5393333333333333 0.61025 0.05466666666666666 0.0405
0 0.5381666666666667 0.421625 0.050333333333333334 0.03925
0 0.5376666666666666 0.561125 0.04666666666666666 0.03425
0 0.5528333333333333 0.6475 0.048999999999999995 0.0365
0 0.5616666666666666 0.77975 0.056666666666666664 0.0455
0 0.5616666666666666 0.7352500000000001 0.05333333333333333 0.039
0 0.571 0.4525 0.051333333333333335 0.0385
0 0.5788333333333333 0.5325 0.053 0.0385
0 0.5766666666666667 0.490375 0.044 0.03475
0 0.5933333333333333 0.700125 0.05533333333333333 0.04025
0 0.594 0.623625 0.05533333333333333 0.04025
0 0.5955 0.582125 0.05433333333333333 0.04075
0 0.6173333333333333 0.7405 0.050666666666666665 0.0375
0 0.6241666666666666 0.4595 0.051666666666666666 0.038
0 0.6263333333333333 0.6665 0.05466666666666666 0.0415
0 0.6485 0.71025 0.04633333333333333 0.0345
0 0.6516666666666666 0.497 0.052 0.039
0 0.6523333333333333 0.5725 0.048666666666666664 0.035
0 0.661 0.635 0.048666666666666664 0.0375
0 0.6709999999999999 0.532625 0.051333333333333335 0.04125
0 0.6783333333333333 0.67275 0.049999999999999996 0.0375
0 0.6965 0.6005 0.049666666666666665 0.0365
0 0.7131666666666666 0.6415 0.04833333333333333 0.036000000000000004
0 0.7158333333333333 0.71275 0.05233333333333333 0.046
0 0.7283333333333333 0.540375 0.050666666666666665 0.03775
0 0.7501666666666666 0.575875 0.051 0.04225
0 0.7516666666666666 0.6825 0.049999999999999996 0.0375
0 0.767 0.614125 0.054 0.04125
