0 0.3245 0.59575 0.042333333333333334 0.033
0 0.34149999999999997 0.6431250000000001 0.059 0.04475
0 0.345 0.537625 0.056 0.04125
0 0.35766666666666663 0.689625 0.05933333333333333 0.04625
0 0.36116666666666664 0.577875 0.04566666666666667 0.035250000000000004
0 0.3835 0.501625 0.05633333333333333 0.04075
0 0.3933333333333333 0.614625 0.058666666666666666 0.04525
0 0.4028333333333333 0.6587500000000001 0.04833333333333333 0.0365
0 0.4056666666666667 0.7205 0.05333333333333333 0.0385
0 0.4078333333333333 0.557125 0.048999999999999995 0.03725
0 0.4145 0.76375 0.058333333333333334 0.05
0 0.42266666666666663 0.472875 0.051333333333333335 0.03925
0 0.43766666666666665 0.51925 0.052 0.0395
0 0.44766666666666666 0.59 0.05933333333333333 0.0405
0 0.4478333333333333 0.6275000000000001 0.047 0.037
0 0.4623333333333333 0.682125 0.050666666666666665 0.03875
0 0.4676666666666667 0.732125 0.06 0.04725
0 0.479 0.783375 0.054 0.04425
0 0.48716666666666664 0.445375 0.048999999999999995 0.03725
0 0.5085 0.602125 0.061 0.04625
0 0.5018333333333334 0.517375 0.04433333333333333 0.035250000000000004
0 0.5168333333333334 0.659875 0.06166666666666666 0.04625
0 0.52 0.707125 0.06 0.04725
0 0.5288333333333333 0.752875 0.06166666666666666 0.04825
0 0.5308333333333333 0.81925 0.061 0.0465
0 0.5455 0.427875 0.06433333333333333 0.04875
0 0.5471666666666667 0.538875 0.05233333333333333 0.04025
0 0.5626666666666666 0.49275 0.064 0.044
0 0.5695 0.685625 0.057666666666666665 0.04425
0 0.574 0.64 0.064 0.05
0 0.5766666666666667 0.581 0.05266666666666667 0.039
0 0.5845 0.727875 0.06166666666666666 0.04625
0 0.5856666666666667 0.779375 0.05466666666666666 0.043250000000000004
0 0.5908333333333333 0.8505 0.05433333333333333 0.0445
0 0.6121666666666666 0.5201250000000001 0.051 0.03775
0 0.6183333333333333 0.4485 0.06133333333333333 0.0465
0 0.6261666666666666 0.61075 0.05233333333333333 0.0395
0 0.6323333333333333 0.566125 0.058666666666666666 0.04625
0 0.6366666666666666 0.662625 0.04933333333333333 0.043250000000000004
0 0.6378333333333334 0.75525 0.04833333333333333 0.04
0 0.6403333333333333 0.7056250000000001 0.051333333333333335 0.04025
0 0.6643333333333333 0.8043750000000001 0.062 0.05275
0 0.6751666666666667 0.531375 0.063 0.04625
0 0.6741666666666667 0.475125 0.061 0.043750000000000004
0 0.6856666666666666 0.586875 0.05733333333333333 0.04475
0 0.6923333333333334 0.6325000000000001 0.06133333333333333 0.0475
0 0.6938333333333333 0.724375 0.06233333333333333 0.04825
0 0.6893333333333334 0.677875 0.048666666666666664 0.04425
0 0.7246666666666667 0.50325 0.06333333333333332 0.047
0 0.7215 0.785375 0.05233333333333333 0.04275
0 0.7403333333333333 0.606 0.06133333333333333 0.048
0 0.743 0.5523750000000001 0.05266666666666667 0.04175
0 0.745 0.656 0.05266666666666667 0.0405
0 0.7513333333333333 0.70175 0.05533333333333333 0.044
0 0.7725 0.7595000000000001 0.05433333333333333 0.041
0 0.7965 0.6793750000000001 0.06566666666666666 0.04575
0 0.7981666666666667 0.63225 0.05433333333333333 0.0425
0 0.8006666666666666 0.588375 0.056666666666666664 0.051250000000000004
0 0.8484999999999999 0.658375 0.06033333333333333 0.04525
