0 0.22916666666666666 0.608 0.041666666666666664 0.0325
0 0.2435 0.661375 0.043666666666666666 0.03475
0 0.24716666666666665 0.55675 0.043666666666666666 0.032
0 0.27116666666666667 0.581 0.04033333333333333 0.034
0 0.2875 0.5317500000000001 0.042333333333333334 0.0325
0 0.29183333333333333 0.649375 0.042333333333333334 0.03375
0 0.305 0.599375 0.04466666666666667 0.03375
0 0.31416666666666665 0.562625 0.04566666666666667 0.03375
0 0.3158333333333333 0.68225 0.03966666666666666 0.0305
0 0.325 0.513875 0.042666666666666665 0.03225
0 0.3388333333333333 0.47875 0.03966666666666666 0.029500000000000002
0 0.35316666666666663 0.7005 0.04566666666666667 0.034
0 0.35733333333333334 0.65825 0.048666666666666664 0.0375
0 0.36216666666666664 0.753625 0.049666666666666665 0.03825
0 0.36 0.615 0.04533333333333333 0.033
0 0.35983333333333334 0.54225 0.04033333333333333 0.0305
0 0.37116666666666664 0.5806250000000001 0.04633333333333333 0.035250000000000004
0 0.3705 0.499 0.03833333333333333 0.031
0 0.384 0.45987500000000003 0.03666666666666667 0.02875
0 0.4018333333333333 0.64775 0.042333333333333334 0.0345
0 0.40099999999999997 0.605625 0.03866666666666667 0.03175
0 0.4075 0.526375 0.042333333333333334 0.03275
0 0.41183333333333333 0.698125 0.049666666666666665 0.03725
0 0.4165 0.739125 0.04566666666666667 0.03625
0 0.41683333333333333 0.567375 0.04433333333333333 0.03475
0 0.42483333333333334 0.47400000000000003 0.037 0.03
0 0.42833333333333334 0.4345 0.04066666666666666 0.0305
0 0.446 0.62825 0.046 0.035500000000000004
0 0.4588333333333333 0.672 0.04833333333333333 0.039
0 0.46216666666666667 0.711375 0.05233333333333333 0.03925
0 0.46216666666666667 0.5876250000000001 0.04833333333333333 0.03625
0 0.4573333333333333 0.548625 0.03866666666666667 0.03225
0 0.4608333333333333 0.49825 0.035666666666666666 0.0305
0 0.47 0.7595000000000001 0.049999999999999996 0.0385
0 0.47583333333333333 0.434125 0.04566666666666667 0.03325
0 0.49083333333333334 0.467625 0.04433333333333333 0.03275
0 0.4943333333333333 0.61975 0.049999999999999996 0.0365
0 0.49466666666666664 0.528625 0.042666666666666665 0.03175
0 0.5048333333333334 0.656375 0.051 0.03775
0 0.5058333333333334 0.79825 0.04566666666666667 0.036000000000000004
0 0.5065 0.5583750000000001 0.043 0.03125
0 0.5116666666666666 0.6935 0.048666666666666664 0.036000000000000004
0 0.51 0.736 0.044 0.035
0 0.531 0.49075 0.041999999999999996 0.031
0 0.5335 0.45375 0.043666666666666666 0.0335
0 0.5543333333333333 0.553625 0.04666666666666666 0.03625
0 0.5565 0.670875 0.04566666666666667 0.03475
0 0.5601666666666667 0.62475 0.047 0.035
0 0.5579999999999999 0.716125 0.042666666666666665 0.03375
0 0.5636666666666666 0.75125 0.050666666666666665 0.0405
0 0.5741666666666666 0.472375 0.04433333333333333 0.035250000000000004
0 0.5761666666666666 0.50875 0.045 0.035
0 0.581 0.584125 0.044 0.03275
0 0.595 0.647375 0.041999999999999996 0.03325
0 0.6058333333333333 0.68525 0.049666666666666665 0.039
0 0.6043333333333333 0.54575 0.04666666666666666 0.037
0 0.608 0.7368750000000001 0.044 0.035250000000000004
0 0.6111666666666666 0.61375 0.04766666666666666 0.035
0 0.6178333333333333 0.48725 0.045 0.0315
0 0.633 0.57675 0.048666666666666664 0.0365
0 0.6466666666666666 0.521625 0.04 0.03175
0 0.6501666666666667 0.668875 0.043666666666666666 0.03375
0 0.6516666666666666 0.7135 0.044 0.036000000000000004
0 0.6543333333333333 0.631375 0.043333333333333335 0.03375
0 0.6783333333333333 0.564625 0.04666666666666666 0.03375
0 0.6809999999999999 0.598625 0.046 0.03375
0 0.707 0.675875 0.049999999999999996 0.03825
0 0.7095 0.632125 0.050333333333333334 0.035250000000000004
