0 0.30966666666666665 0.717 0.03866666666666667 0.025500000000000002
0 0.3163333333333333 0.666125 0.03666666666666667 0.02625
0 0.3245 0.635375 0.037 0.029750000000000002
0 0.32666666666666666 0.609125 0.033999999999999996 0.02425
0 0.33666666666666667 0.7368750000000001 0.03933333333333333 0.02925
0 0.33799999999999997 0.687625 0.04 0.03175
0 0.35466666666666663 0.6567500000000001 0.030666666666666665 0.025500000000000002
0 0.35983333333333334 0.767375 0.04033333333333333 0.03025
0 0.356 0.621625 0.032 0.02375
0 0.3615 0.706 0.034999999999999996 0.029
0 0.3765 0.7915 0.03833333333333333 0.028
0 0.38166666666666665 0.733 0.03333333333333333 0.027
0 0.383 0.67825 0.034666666666666665 0.028
0 0.3895 0.605625 0.04033333333333333 0.03025
0 0.3885 0.6415 0.029666666666666664 0.025
0 0.39816666666666667 0.763875 0.034999999999999996 0.02925
0 0.4065 0.8153750000000001 0.03766666666666667 0.03325
0 0.4098333333333333 0.69825 0.036333333333333336 0.03
0 0.4175 0.62325 0.039 0.029
0 0.41983333333333334 0.672 0.031 0.027
0 0.421 0.7368750000000001 0.03266666666666666 0.02625
0 0.43066666666666664 0.786875 0.03266666666666666 0.02075
0 0.4353333333333333 0.767375 0.04066666666666666 0.029750000000000002
0 0.4428333333333333 0.641625 0.03966666666666666 0.029750000000000002
0 0.444 0.5915 0.03666666666666667 0.0265
0 0.4463333333333333 0.695875 0.03666666666666667 0.02875
0 0.45216666666666666 0.8170000000000001 0.03966666666666666 0.0305
0 0.45599999999999996 0.723625 0.036 0.029750000000000002
0 0.4633333333333333 0.6165 0.03866666666666667 0.028
0 0.47583333333333333 0.656 0.034333333333333334 0.026000000000000002
0 0.47833333333333333 0.7817500000000001 0.038 0.0305
0 0.47933333333333333 0.579125 0.03733333333333333 0.02775
0 0.48166666666666663 0.74975 0.033999999999999996 0.028
0 0.4835 0.689625 0.03766666666666667 0.02925
0 0.49466666666666664 0.634625 0.03333333333333333 0.02625
0 0.4958333333333333 0.604125 0.035666666666666666 0.02825
0 0.5038333333333334 0.5565 0.041 0.0275
0 0.5058333333333334 0.809125 0.039 0.03025
0 0.509 0.707875 0.03666666666666667 0.02625
0 0.5131666666666667 0.661 0.03766666666666667 0.031
0 0.5246666666666666 0.5825 0.034666666666666665 0.0235
0 0.5278333333333333 0.77825 0.03766666666666667 0.0275
0 0.5388333333333333 0.63875 0.03766666666666667 0.0285
0 0.5433333333333333 0.746625 0.04 0.03125
0 0.5471666666666667 0.673625 0.04033333333333333 0.03075
0 0.5455 0.606 0.034333333333333334 0.027
0 0.5611666666666667 0.81925 0.04033333333333333 0.0315
0 0.5705 0.76975 0.03833333333333333 0.0305
0 0.5705 0.7165 0.03833333333333333 0.029500000000000002
0 0.5726666666666667 0.567375 0.04 0.02675
0 0.5731666666666666 0.63025 0.039 0.0285
0 0.583 0.658375 0.034666666666666665 0.025750000000000002
0 0.5886666666666667 0.6032500000000001 0.035333333333333335 0.0245
0 0.5918333333333333 0.684125 0.03833333333333333 0.03025
0 0.5965 0.749375 0.04033333333333333 0.03275
0 0.6114999999999999 0.570875 0.04033333333333333 0.02925
0 0.6174999999999999 0.648875 0.039 0.02825
0 0.6241666666666666 0.7751250000000001 0.04433333333333333 0.03225
0 0.6288333333333334 0.704875 0.037 0.02925
0 0.63 0.616625 0.03733333333333333 0.02875
0 0.6371666666666667 0.67825 0.037 0.025500000000000002
0 0.6538333333333333 0.590375 0.03233333333333333 0.02675
0 0.658 0.73375 0.033999999999999996 0.027
0 0.6678333333333333 0.7020000000000001 0.037 0.029
0 0.6741666666666667 0.6415 0.041666666666666664 0.029
0 0.6866666666666666 0.6707500000000001 0.036 0.028
