0 0.24983333333333332 0.6185 0.041666666666666664 0.0325
0 0.2585 0.572375 0.043 0.035250000000000004
0 0.25966666666666666 0.5271250000000001 0.043333333333333335 0.03475
0 0.30316666666666664 0.6451250000000001 0.04833333333333333 0.03475
0 0.30366666666666664 0.600125 0.043333333333333335 0.03425
0 0.30466666666666664 0.550125 0.042666666666666665 0.03425
0 0.31216666666666665 0.509875 0.049666666666666665 0.03725
0 0.3215 0.47275 0.041666666666666664 0.034
0 0.35483333333333333 0.673125 0.05633333333333333 0.04275
0 0.35183333333333333 0.43725 0.04566666666666667 0.0325
0 0.35416666666666663 0.634125 0.04766666666666666 0.035750000000000004
0 0.36116666666666664 0.5786250000000001 0.048999999999999995 0.03775
0 0.3645 0.538875 0.041 0.03425
0 0.3728333333333333 0.481375 0.042333333333333334 0.03125
0 0.39616666666666667 0.51025 0.042333333333333334 0.034
0 0.4106666666666667 0.595875 0.046 0.03675
0 0.41916666666666663 0.66025 0.05633333333333333 0.0415
0 0.41966666666666663 0.5505 0.04933333333333333 0.041
0 0.4323333333333333 0.704125 0.05333333333333333 0.03625
0 0.43716666666666665 0.416625 0.050333333333333334 0.04025
0 0.4433333333333333 0.47275 0.049999999999999996 0.0375
0 0.4751666666666666 0.439625 0.049666666666666665 0.03725
0 0.48133333333333334 0.677125 0.05533333333333333 0.04175
0 0.47883333333333333 0.39537500000000003 0.048999999999999995 0.035250000000000004
0 0.48666666666666664 0.586875 0.056666666666666664 0.04075
0 0.48983333333333334 0.627 0.057666666666666665 0.0405
0 0.4895 0.5365 0.05433333333333333 0.04
0 0.48716666666666664 0.491875 0.041 0.03275
0 0.5043333333333333 0.731 0.054 0.0425
0 0.522 0.466875 0.054 0.03875
0 0.5293333333333333 0.41075 0.049999999999999996 0.037
0 0.5355 0.507125 0.047 0.03775
0 0.5433333333333333 0.604375 0.05466666666666666 0.04225
0 0.542 0.64825 0.049999999999999996 0.038
0 0.5435 0.563125 0.050333333333333334 0.03725
0 0.5559999999999999 0.715 0.049999999999999996 0.0365
0 0.5741666666666666 0.481 0.048999999999999995 0.0365
0 0.5778333333333333 0.44 0.04766666666666666 0.036000000000000004
0 0.5856666666666667 0.517 0.04733333333333333 0.038
0 0.595 0.57625 0.04533333333333333 0.037
0 0.6038333333333333 0.62675 0.04633333333333333 0.037
0 0.6298333333333334 0.4635 0.048999999999999995 0.036000000000000004
0 0.6335 0.50125 0.051 0.0395
0 0.6371666666666667 0.6707500000000001 0.053 0.0415
0 0.6381666666666667 0.542375 0.04633333333333333 0.03675
0 0.659 0.588375 0.05266666666666667 0.04075
0 0.6695 0.6395000000000001 0.045 0.0345
0 0.6859999999999999 0.49312500000000004 0.048 0.03725
0 0.6888333333333333 0.528625 0.04766666666666666 0.03725
0 0.7058333333333333 0.56775 0.043 0.0345
0 0.7273333333333333 0.6208750000000001 0.04733333333333333 0.03475
0 0.7481666666666666 0.54975 0.053 0.038
0 0.7545 0.5896250000000001 0.051666666666666666 0.043250000000000004
