0 0.19187500000000002 0.5533333333333333 0.043250000000000004 0.05933333333333333
0 0.21 0.5026666666666666 0.039 0.049999999999999996
0 0.22137500000000002 0.623 0.035250000000000004 0.04733333333333333
0 0.23225 0.5705 0.0405 0.051
0 0.242125 0.5173333333333333 0.03225 0.044
0 0.25025000000000003 0.6783333333333333 0.041 0.052
0 0.250125 0.46499999999999997 0.03975 0.05266666666666667
0 0.256 0.4141666666666666 0.033 0.045
0 0.261 0.608 0.0385 0.049999999999999996
0 0.26937500000000003 0.358 0.04025 0.050666666666666665
0 0.2745 0.5586666666666666 0.039 0.052
0 0.280625 0.72 0.035250000000000004 0.04466666666666667
0 0.285375 0.5075 0.03275 0.042333333333333334
0 0.29 0.39616666666666667 0.0335 0.04566666666666667
0 0.290625 0.44716666666666666 0.03375 0.04566666666666667
0 0.295625 0.6788333333333333 0.03375 0.047
0 0.301 0.5955 0.0335 0.045
0 0.30312500000000003 0.327 0.03225 0.044
0 0.314 0.5459999999999999 0.0385 0.050666666666666665
0 0.313 0.2818333333333333 0.0345 0.043666666666666666
0 0.319375 0.48366666666666663 0.03225 0.044
0 0.3215 0.7705 0.036000000000000004 0.048999999999999995
0 0.327375 0.636 0.03975 0.05266666666666667
0 0.32937500000000003 0.7121666666666666 0.04225 0.053
0 0.327875 0.436 0.03775 0.04933333333333333
0 0.33187500000000003 0.375 0.03325 0.041999999999999996
0 0.341625 0.3275 0.03975 0.048999999999999995
0 0.345625 0.5908333333333333 0.03775 0.049666666666666665
0 0.351125 0.5168333333333334 0.02925 0.043666666666666666
0 0.35775 0.6689999999999999 0.039 0.051333333333333335
0 0.36025 0.7803333333333333 0.0385 0.051333333333333335
0 0.365 0.41916666666666663 0.0395 0.048999999999999995
0 0.362875 0.4673333333333333 0.03425 0.04666666666666666
0 0.368875 0.7256666666666667 0.04075 0.054
0 0.369625 0.3595 0.035250000000000004 0.04566666666666667
0 0.371375 0.5528333333333333 0.03775 0.048999999999999995
0 0.37175 0.2885 0.0365 0.047
0 0.3765 0.62 0.0425 0.051333333333333335
0 0.386625 0.5033333333333333 0.03425 0.04466666666666667
0 0.399125 0.6626666666666666 0.03975 0.05266666666666667
0 0.399125 0.4578333333333333 0.03875 0.049666666666666665
0 0.40475 0.7945 0.037 0.047
0 0.40475 0.5808333333333333 0.036000000000000004 0.04433333333333333
0 0.40675 0.3775 0.0365 0.047
0 0.408375 0.33066666666666666 0.03625 0.046
0 0.41575 0.7281666666666666 0.0375 0.048999999999999995
0 0.41925 0.5381666666666667 0.035500000000000004 0.045
0 0.422375 0.6214999999999999 0.035250000000000004 0.04566666666666667
0 0.432625 0.43 0.03225 0.04533333333333333
0 0.434625 0.49316666666666664 0.035250000000000004 0.04433333333333333
0 0.44275000000000003 0.5798333333333333 0.034 0.045
0 0.44975 0.31916666666666665 0.033 0.04433333333333333
0 0.45125 0.7065 0.034 0.04433333333333333
0 0.4545 0.7568333333333334 0.0405 0.055
0 0.449375 0.3895 0.025750000000000002 0.03833333333333333
0 0.464625 0.5381666666666667 0.03825 0.043
0 0.467625 0.6298333333333334 0.035750000000000004 0.048999999999999995
0 0.47050000000000003 0.42 0.035500000000000004 0.04733333333333333
0 0.479875 0.5825 0.03925 0.050333333333333334
0 0.47675 0.47333333333333333 0.032 0.042666666666666665
0 0.4825 0.374 0.036000000000000004 0.04466666666666667
0 0.48375 0.6799999999999999 0.038 0.049999999999999996
0 0.486 0.3275 0.036000000000000004 0.045
0 0.49075 0.7351666666666666 0.0405 0.05566666666666666
0 0.497875 0.5148333333333334 0.04025 0.048999999999999995
0 0.50675 0.6366666666666666 0.037 0.04733333333333333
0 0.505625 0.4058333333333333 0.03425 0.041666666666666664
0 0.51075 0.4553333333333333 0.037 0.04733333333333333
0 0.520375 0.36633333333333334 0.035250000000000004 0.04466666666666667
0 0.520875 0.6846666666666666 0.035250000000000004 0.046
0 0.531 0.5433333333333333 0.034 0.04466666666666667
0 0.532625 0.4965 0.03475 0.04566666666666667
0 0.53325 0.5933333333333333 0.032 0.04466666666666667
0 0.544375 0.4048333333333333 0.03375 0.043666666666666666
0 0.5473750000000001 0.4518333333333333 0.03625 0.04633333333333333
0 0.554125 0.6653333333333333 0.03275 0.046
0 0.565375 0.5443333333333333 0.03375 0.044
0 0.56725 0.6063333333333333 0.033 0.049999999999999996
0 0.5685 0.49066666666666664 0.0345 0.046
0 0.5856250000000001 0.44166666666666665 0.03725 0.04666666666666666
