0 0.2816666666666667 0.67675 0.04533333333333333 0.034
0 0.29833333333333334 0.634125 0.042666666666666665 0.035750000000000004
0 0.304 0.58875 0.04733333333333333 0.035
0 0.31016666666666665 0.744375 0.043 0.03425
0 0.32116666666666666 0.702875 0.04633333333333333 0.03875
0 0.3268333333333333 0.5525 0.041666666666666664 0.035500000000000004
0 0.33216666666666667 0.615375 0.03833333333333333 0.03175
0 0.3343333333333333 0.6657500000000001 0.042666666666666665 0.034
0 0.3458333333333333 0.520875 0.03966666666666666 0.03175
0 0.352 0.58375 0.046 0.035
0 0.3555 0.729 0.043 0.029500000000000002
0 0.36983333333333335 0.55325 0.039 0.031
0 0.37516666666666665 0.649375 0.045 0.03875
0 0.38166666666666665 0.778625 0.049999999999999996 0.03875
0 0.3848333333333333 0.500625 0.041666666666666664 0.03275
0 0.389 0.605625 0.04533333333333333 0.03025
0 0.4041666666666667 0.577125 0.04633333333333333 0.035750000000000004
0 0.4066666666666667 0.7235 0.043333333333333335 0.033
0 0.41566666666666663 0.53225 0.041999999999999996 0.031
0 0.424 0.677875 0.048 0.03825
0 0.4338333333333333 0.604875 0.041 0.03175
0 0.4343333333333333 0.49112500000000003 0.03866666666666667 0.03125
0 0.44466666666666665 0.640375 0.048 0.035250000000000004
0 0.44216666666666665 0.7508750000000001 0.042333333333333334 0.03375
0 0.4428333333333333 0.787625 0.042333333333333334 0.03475
0 0.45366666666666666 0.557125 0.04533333333333333 0.03625
0 0.46216666666666667 0.70725 0.048999999999999995 0.0365
0 0.46166666666666667 0.52325 0.042666666666666665 0.034
0 0.4731666666666666 0.668875 0.045 0.03325
0 0.48733333333333334 0.631375 0.044 0.03325
0 0.48533333333333334 0.481 0.03933333333333333 0.029
0 0.4933333333333333 0.7935 0.050666666666666665 0.0375
0 0.4923333333333333 0.577 0.046 0.0345
0 0.496 0.74075 0.046 0.036000000000000004
0 0.5058333333333334 0.541625 0.04566666666666667 0.035250000000000004
0 0.508 0.503625 0.043333333333333335 0.03275
0 0.5096666666666666 0.7075 0.044 0.0335
0 0.5225 0.6657500000000001 0.04633333333333333 0.032
0 0.5273333333333333 0.47200000000000003 0.04066666666666666 0.031
0 0.532 0.617375 0.048 0.03775
0 0.5381666666666667 0.442375 0.04833333333333333 0.03275
0 0.5433333333333333 0.575125 0.044 0.035250000000000004
0 0.5501666666666667 0.7771250000000001 0.041666666666666664 0.03175
0 0.5545 0.725875 0.04833333333333333 0.03325
0 0.5658333333333333 0.529125 0.04433333333333333 0.03675
0 0.5695 0.8075 0.047 0.0345
0 0.5746666666666667 0.68725 0.04733333333333333 0.038
0 0.5751666666666666 0.48812500000000003 0.04633333333333333 0.035250000000000004
0 0.5871666666666666 0.6345000000000001 0.051666666666666666 0.0365
0 0.5888333333333333 0.455625 0.045 0.03275
0 0.599 0.598125 0.05266666666666667 0.03825
0 0.5981666666666666 0.752875 0.050333333333333334 0.03975
0 0.6033333333333333 0.56175 0.043333333333333335 0.0325
0 0.6168333333333333 0.714125 0.05233333333333333 0.03925
0 0.6194999999999999 0.809125 0.05633333333333333 0.04175
0 0.6204999999999999 0.672875 0.045 0.03475
0 0.6236666666666666 0.48525 0.04733333333333333 0.0335
0 0.6356666666666666 0.626625 0.050666666666666665 0.03925
0 0.6471666666666667 0.772375 0.04633333333333333 0.03375
0 0.6548333333333333 0.592625 0.053 0.03725
0 0.6595 0.54625 0.04833333333333333 0.035
0 0.6605 0.508625 0.045 0.03425
0 0.6763333333333333 0.693875 0.04933333333333333 0.03825
0 0.7018333333333333 0.73925 0.05433333333333333 0.0415
0 0.7033333333333333 0.635625 0.043333333333333335 0.03475
0 0.7101666666666666 0.558 0.049666666666666665 0.035500000000000004
0 0.711 0.515 0.04666666666666666 0.0345
0 0.735 0.59975 0.05266666666666667 0.0395
0 0.7693333333333333 0.6755 0.044 0.035
0 0.7725 0.624375 0.04566666666666667 0.03275
0 0.7856666666666666 0.536375 0.044 0.03325
0 0.7908333333333333 0.593 0.043 0.0325
0 0.8038333333333333 0.502125 0.05233333333333333 0.03825
