0 0.30066666666666664 0.7751250000000001 0.04733333333333333 0.035750000000000004
0 0.31033333333333335 0.809125 0.03933333333333333 0.03425
0 0.3145 0.72 0.042333333333333334 0.0325
0 0.32516666666666666 0.691625 0.039 0.02875
0 0.3308333333333333 0.66025 0.036333333333333336 0.032
0 0.346 0.77125 0.046 0.0345
0 0.3475 0.6295000000000001 0.04033333333333333 0.0315
0 0.35416666666666663 0.722 0.037 0.029
0 0.36966666666666664 0.5985 0.04066666666666666 0.029500000000000002
0 0.36983333333333335 0.6955 0.039 0.03
0 0.3733333333333333 0.8240000000000001 0.035333333333333335 0.031
0 0.3818333333333333 0.665375 0.04033333333333333 0.03175
0 0.39416666666666667 0.635375 0.041666666666666664 0.03225
0 0.40199999999999997 0.750125 0.048 0.03375
0 0.4026666666666667 0.784125 0.04466666666666667 0.035250000000000004
0 0.40249999999999997 0.57625 0.043 0.031
0 0.4116666666666666 0.687625 0.04066666666666666 0.03025
0 0.41733333333333333 0.606375 0.043333333333333335 0.03125
0 0.41966666666666663 0.6595 0.03666666666666667 0.029500000000000002
0 0.4245 0.545875 0.04433333333333333 0.03225
0 0.4305 0.714125 0.041666666666666664 0.03025
0 0.4413333333333333 0.578375 0.046 0.03125
0 0.439 0.63175 0.04 0.0285
0 0.44416666666666665 0.74625 0.043666666666666666 0.035
0 0.4458333333333333 0.78725 0.041 0.0345
0 0.45566666666666666 0.8295 0.04533333333333333 0.036000000000000004
0 0.45399999999999996 0.6813750000000001 0.04066666666666666 0.03075
0 0.4658333333333333 0.550625 0.04833333333333333 0.03075
0 0.46499999999999997 0.603625 0.041999999999999996 0.03325
0 0.4741666666666666 0.65325 0.043666666666666666 0.0305
0 0.4723333333333333 0.71225 0.03866666666666667 0.0285
0 0.48716666666666664 0.57625 0.041 0.029500000000000002
0 0.48766666666666664 0.62825 0.036 0.021500000000000002
0 0.4955 0.68025 0.039 0.029500000000000002
0 0.5055 0.6045 0.039 0.0285
0 0.5163333333333333 0.650875 0.043333333333333335 0.03425
0 0.5216666666666666 0.8685 0.042666666666666665 0.0315
0 0.5205 0.55325 0.03833333333333333 0.028
0 0.5235 0.7056250000000001 0.043 0.03175
0 0.5298333333333333 0.766875 0.03966666666666666 0.03075
0 0.5428333333333333 0.581375 0.042333333333333334 0.03075
0 0.5428333333333333 0.736 0.041 0.0315
0 0.5526666666666666 0.616625 0.04133333333333333 0.03225
0 0.5518333333333333 0.835 0.03833333333333333 0.031
0 0.5485 0.680625 0.029666666666666664 0.02725
0 0.5595 0.651 0.043 0.034
0 0.5611666666666667 0.553625 0.041666666666666664 0.03275
0 0.5768333333333333 0.78725 0.04633333333333333 0.037
0 0.5788333333333333 0.71625 0.043666666666666666 0.0325
0 0.5871666666666666 0.749 0.04566666666666667 0.035500000000000004
0 0.5846666666666667 0.59075 0.04066666666666666 0.032
0 0.5923333333333333 0.6895 0.041999999999999996 0.0285
0 0.6018333333333333 0.625125 0.04433333333333333 0.029750000000000002
0 0.6011666666666666 0.656875 0.042333333333333334 0.03175
0 0.6043333333333333 0.559875 0.03933333333333333 0.02925
0 0.6251666666666666 0.7775 0.04433333333333333 0.0305
0 0.623 0.534875 0.03933333333333333 0.03075
0 0.6258333333333334 0.71 0.04433333333333333 0.035
0 0.6315 0.6005 0.03966666666666666 0.029500000000000002
0 0.6376666666666666 0.746625 0.04666666666666666 0.035750000000000004
0 0.6435 0.565375 0.043 0.03125
0 0.6491666666666667 0.67975 0.03833333333333333 0.0275
0 0.6518333333333333 0.626375 0.035666666666666666 0.03125
0 0.6679999999999999 0.775625 0.046 0.03375
0 0.6699999999999999 0.709125 0.04533333333333333 0.03625
0 0.6783333333333333 0.5962500000000001 0.04533333333333333 0.0315
0 0.6866666666666666 0.638125 0.043333333333333335 0.029750000000000002
0 0.6871666666666666 0.746625 0.042333333333333334 0.03225
0 0.695 0.67825 0.04 0.0315
0 0.7185 0.722375 0.042333333333333334 0.03125
0 0.7283333333333333 0.76575 0.041999999999999996 0.035500000000000004
0 0.746 0.691875 0.04066666666666666 0.03025
0 0.7721666666666667 0.731875 0.043666666666666666 0.03425
0 0.7939999999999999 0.68725 0.04 0.0325
