0 0.3085 0.7225 0.047 0.0375
0 0.3313333333333333 0.684875 0.048 0.035250000000000004
0 0.36633333333333334 0.736125 0.04933333333333333 0.03725
0 0.3835 0.656 0.04033333333333333 0.031
0 0.39599999999999996 0.69475 0.04066666666666666 0.032
0 0.4038333333333333 0.792 0.043 0.035
0 0.4071666666666667 0.62125 0.045 0.035
0 0.42316666666666664 0.744625 0.04766666666666666 0.03425
0 0.4385 0.8240000000000001 0.049666666666666665 0.0415
0 0.4348333333333333 0.592625 0.03966666666666666 0.029750000000000002
0 0.4395 0.65725 0.043 0.0335
0 0.4435 0.71025 0.04766666666666666 0.035500000000000004
0 0.45 0.625125 0.04533333333333333 0.03425
0 0.4681666666666667 0.785625 0.051666666666666666 0.03925
0 0.476 0.577 0.043333333333333335 0.03
0 0.48016666666666663 0.677875 0.04766666666666666 0.03675
0 0.48666666666666664 0.64075 0.03933333333333333 0.034
0 0.49016666666666664 0.733 0.043666666666666666 0.034
0 0.49266666666666664 0.608 0.03866666666666667 0.0305
0 0.49966666666666665 0.8545 0.04933333333333333 0.0365
0 0.5288333333333333 0.81075 0.04566666666666667 0.036000000000000004
0 0.5288333333333333 0.5665 0.04433333333333333 0.033
0 0.5298333333333333 0.6950000000000001 0.043 0.032
0 0.5355 0.613375 0.04833333333333333 0.035750000000000004
0 0.5371666666666667 0.751375 0.048999999999999995 0.03425
0 0.5366666666666666 0.6541250000000001 0.04466666666666667 0.035750000000000004
0 0.5445 0.8685 0.045 0.0345
0 0.5596666666666666 0.53325 0.043333333333333335 0.034
0 0.5736666666666667 0.5740000000000001 0.042666666666666665 0.034
0 0.5803333333333334 0.65825 0.04733333333333333 0.034
0 0.582 0.8005 0.046 0.035500000000000004
0 0.5846666666666667 0.69825 0.048 0.034
0 0.584 0.606375 0.04133333333333333 0.03025
0 0.5866666666666667 0.756 0.042666666666666665 0.0325
0 0.6001666666666666 0.5493750000000001 0.03833333333333333 0.029750000000000002
0 0.6204999999999999 0.849 0.05366666666666667 0.0425
0 0.6231666666666666 0.643875 0.041 0.03175
0 0.6278333333333334 0.599375 0.041666666666666664 0.03475
0 0.6318333333333334 0.690375 0.042333333333333334 0.03225
0 0.6351666666666667 0.730625 0.042333333333333334 0.03375
0 0.6475 0.77 0.04566666666666667 0.035500000000000004
0 0.645 0.56025 0.03733333333333333 0.029500000000000002
0 0.6705 0.6637500000000001 0.049666666666666665 0.037
0 0.6766666666666666 0.60175 0.041999999999999996 0.036000000000000004
0 0.6803333333333333 0.552875 0.03733333333333333 0.02875
0 0.6923333333333334 0.788875 0.041999999999999996 0.03425
0 0.7063333333333333 0.6900000000000001 0.046 0.037
0 0.7085 0.73875 0.042333333333333334 0.0345
0 0.7258333333333333 0.638 0.041666666666666664 0.0315
0 0.7403333333333333 0.673125 0.04066666666666666 0.03175
0 0.7606666666666666 0.70725 0.04733333333333333 0.0345
