0 0.39 0.654 0.04733333333333333 0.0375
0 0.3948333333333333 0.702125 0.051666666666666666 0.03875
0 0.4061666666666667 0.603625 0.04766666666666666 0.03625
0 0.4353333333333333 0.7791250000000001 0.049999999999999996 0.03775
0 0.4445 0.665375 0.04633333333333333 0.03625
0 0.44916666666666666 0.62875 0.04433333333333333 0.0345
0 0.45266666666666666 0.592 0.04133333333333333 0.032
0 0.4713333333333333 0.797 0.044 0.036000000000000004
0 0.4731666666666666 0.735625 0.043 0.035750000000000004
0 0.49033333333333334 0.6970000000000001 0.048 0.0375
0 0.49133333333333334 0.575125 0.046 0.03725
0 0.4938333333333333 0.649375 0.047 0.03725
0 0.49466666666666664 0.611125 0.042666666666666665 0.03325
0 0.5273333333333333 0.6743750000000001 0.041999999999999996 0.03375
0 0.5361666666666667 0.626375 0.043666666666666666 0.03125
0 0.5469999999999999 0.70875 0.04666666666666666 0.0345
0 0.5545 0.7595000000000001 0.049666666666666665 0.0375
0 0.5543333333333333 0.555625 0.04066666666666666 0.03225
0 0.5715 0.81 0.05366666666666667 0.0425
0 0.5756666666666667 0.596625 0.04533333333333333 0.03475
0 0.593 0.67125 0.042666666666666665 0.035
0 0.5935 0.715375 0.043 0.03625
0 0.6021666666666666 0.62875 0.048999999999999995 0.038
0 0.605 0.7525000000000001 0.048666666666666664 0.035
0 0.6121666666666666 0.5407500000000001 0.045 0.035
0 0.621 0.584125 0.04466666666666667 0.03475
0 0.6366666666666666 0.663 0.04533333333333333 0.035
0 0.6538333333333333 0.6098750000000001 0.04833333333333333 0.03775
0 0.6611666666666667 0.752125 0.045 0.03725
0 0.6653333333333333 0.711875 0.04666666666666666 0.03925
0 0.6803333333333333 0.57875 0.043333333333333335 0.033
0 0.6908333333333333 0.6385000000000001 0.041666666666666664 0.034
0 0.7001666666666666 0.68575 0.04566666666666667 0.033
0 0.7106666666666667 0.7348750000000001 0.044 0.03375
0 0.7136666666666667 0.607875 0.04733333333333333 0.03425
