0 0.37366666666666665 0.7275 0.048666666666666664 0.038
0 0.40066666666666667 0.68525 0.046 0.037
0 0.4275 0.8325 0.045 0.034
0 0.4348333333333333 0.64775 0.048999999999999995 0.037
0 0.43083333333333335 0.614625 0.041 0.03075
0 0.438 0.760625 0.04066666666666666 0.03275
0 0.45649999999999996 0.67975 0.041 0.031
0 0.4608333333333333 0.727125 0.04633333333333333 0.03775
0 0.4765 0.83575 0.042333333333333334 0.035500000000000004
0 0.48033333333333333 0.642375 0.04066666666666666 0.03075
0 0.49033333333333334 0.609125 0.046 0.03625
0 0.5011666666666666 0.756 0.04566666666666667 0.035
0 0.5038333333333334 0.7997500000000001 0.043666666666666666 0.035500000000000004
0 0.5053333333333333 0.671125 0.041999999999999996 0.03125
0 0.519 0.707875 0.04933333333333333 0.03725
0 0.5371666666666667 0.8326250000000001 0.04833333333333333 0.03825
0 0.5449999999999999 0.64275 0.04733333333333333 0.036000000000000004
0 0.5565 0.596625 0.04033333333333333 0.03225
0 0.569 0.76225 0.042666666666666665 0.032
0 0.5715 0.7146250000000001 0.043666666666666666 0.03225
0 0.5761666666666666 0.670875 0.04633333333333333 0.035750000000000004
0 0.5773333333333334 0.797 0.041999999999999996 0.034
0 0.5798333333333333 0.55325 0.04633333333333333 0.036000000000000004
0 0.5928333333333333 0.62825 0.04033333333333333 0.0335
0 0.6084999999999999 0.5935 0.03966666666666666 0.0305
0 0.6111666666666666 0.820875 0.042333333333333334 0.03275
0 0.62 0.706 0.04133333333333333 0.0305
0 0.6261666666666666 0.65375 0.04033333333333333 0.032
0 0.6335 0.751375 0.045 0.035750000000000004
0 0.6413333333333333 0.792625 0.041999999999999996 0.03225
0 0.6543333333333333 0.569625 0.041999999999999996 0.03125
0 0.6616666666666666 0.626 0.04133333333333333 0.033
0 0.6616666666666666 0.6970000000000001 0.04066666666666666 0.0335
0 0.6726666666666666 0.6595 0.04666666666666666 0.0375
0 0.6735 0.733375 0.042333333333333334 0.03425
0 0.6856666666666666 0.807625 0.042666666666666665 0.03125
0 0.6883333333333334 0.599 0.042666666666666665 0.0345
0 0.6948333333333333 0.770875 0.041666666666666664 0.03375
0 0.7043333333333333 0.631875 0.03933333333333333 0.03225
0 0.7371666666666666 0.67275 0.043 0.035
