0 0.20075 0.6084999999999999 0.0365 0.050333333333333334
0 0.211125 0.39166666666666666 0.04725 0.056
0 0.216375 0.5153333333333333 0.03675 0.05733333333333333
0 0.23450000000000001 0.5736666666666667 0.042 0.05933333333333333
0 0.249125 0.6236666666666666 0.03375 0.05533333333333333
0 0.252 0.37033333333333335 0.037 0.04933333333333333
0 0.281375 0.6658333333333333 0.03625 0.049666666666666665
0 0.28250000000000003 0.6001666666666666 0.0345 0.05633333333333333
0 0.295 0.4098333333333333 0.0415 0.059
0 0.30725 0.5408333333333333 0.044 0.059
0 0.306375 0.3478333333333333 0.035250000000000004 0.04766666666666666
0 0.317875 0.481 0.04075 0.06
0 0.32925 0.6371666666666667 0.043000000000000003 0.05366666666666667
0 0.331 0.6878333333333333 0.042 0.05433333333333333
0 0.33925 0.31366666666666665 0.0425 0.052
0 0.338625 0.4398333333333333 0.03625 0.04833333333333333
0 0.345875 0.37866666666666665 0.03875 0.052
0 0.349625 0.5746666666666667 0.03975 0.048666666666666664
0 0.35025 0.51 0.0365 0.04733333333333333
0 0.37 0.6236666666666666 0.039 0.052
0 0.367875 0.6766666666666666 0.03325 0.04466666666666667
0 0.377625 0.42116666666666663 0.04075 0.05366666666666667
0 0.382 0.3516666666666666 0.033 0.044
0 0.3845 0.48333333333333334 0.035 0.049999999999999996
0 0.388375 0.5351666666666667 0.03625 0.051666666666666666
0 0.40750000000000003 0.6413333333333333 0.034 0.04533333333333333
0 0.408375 0.5861666666666666 0.035250000000000004 0.04833333333333333
0 0.41375 0.6903333333333334 0.0425 0.05333333333333333
0 0.415375 0.3863333333333333 0.04075 0.05266666666666667
0 0.41575 0.439 0.035500000000000004 0.050666666666666665
0 0.416875 0.4975 0.03325 0.04633333333333333
0 0.43325 0.5376666666666666 0.034 0.04533333333333333
0 0.441125 0.6116666666666667 0.035250000000000004 0.048
0 0.452875 0.6793333333333333 0.03875 0.05466666666666666
0 0.450875 0.419 0.03325 0.049999999999999996
0 0.45687500000000003 0.4746666666666666 0.03975 0.06
0 0.477875 0.5845 0.035250000000000004 0.048999999999999995
0 0.47950000000000004 0.6435 0.0385 0.053
0 0.48612500000000003 0.5256666666666666 0.043250000000000004 0.05466666666666666
0 0.223 0.45566666666666666 0.0375 0.044
0 0.265625 0.4943333333333333 0.03625 0.051333333333333335
0 0.261625 0.4368333333333333 0.035250000000000004 0.051666666666666666
