0 0.22262500000000002 0.5413333333333333 0.03675 0.04933333333333333
0 0.23275 0.5965 0.0385 0.050333333333333334
0 0.241 0.6543333333333333 0.038 0.05333333333333333
0 0.25425000000000003 0.489 0.0485 0.06066666666666667
0 0.26587500000000003 0.5433333333333333 0.04175 0.05333333333333333
0 0.2705 0.431 0.044 0.05466666666666666
0 0.272375 0.7308333333333333 0.043750000000000004 0.059
0 0.27925 0.621 0.0455 0.05933333333333333
0 0.29075 0.6766666666666666 0.037 0.049999999999999996
0 0.297 0.3893333333333333 0.0345 0.04533333333333333
0 0.309 0.5111666666666667 0.044 0.055
0 0.306875 0.33816666666666667 0.03475 0.048999999999999995
0 0.30875 0.45466666666666666 0.035 0.04666666666666666
0 0.314125 0.5776666666666667 0.04225 0.057999999999999996
0 0.32025 0.6386666666666666 0.037 0.048666666666666664
0 0.33025 0.6955 0.045 0.05633333333333333
0 0.334625 0.756 0.043750000000000004 0.05533333333333333
0 0.342625 0.42966666666666664 0.04175 0.05333333333333333
0 0.342875 0.37566666666666665 0.03875 0.050666666666666665
0 0.34700000000000003 0.31566666666666665 0.0415 0.05333333333333333
0 0.352875 0.48083333333333333 0.03775 0.047
0 0.36075 0.5605 0.0365 0.04766666666666666
0 0.364 0.6214999999999999 0.035500000000000004 0.049666666666666665
0 0.37425 0.6861666666666666 0.037 0.051
0 0.379625 0.2673333333333333 0.043750000000000004 0.056666666666666664
0 0.378375 0.34983333333333333 0.03675 0.05233333333333333
0 0.37925000000000003 0.39849999999999997 0.036000000000000004 0.04633333333333333
0 0.3845 0.7555 0.0445 0.056999999999999995
0 0.39137500000000003 0.45799999999999996 0.03675 0.046
0 0.39437500000000003 0.52 0.035750000000000004 0.048
0 0.398 0.5825 0.042 0.05633333333333333
0 0.40675 0.643 0.038 0.051333333333333335
0 0.421625 0.7263333333333333 0.043250000000000004 0.05733333333333333
0 0.422375 0.32 0.04125 0.054
0 0.427875 0.7808333333333333 0.03875 0.05233333333333333
0 0.427875 0.42833333333333334 0.03775 0.048666666666666664
0 0.427 0.37566666666666665 0.0335 0.046
0 0.441625 0.4983333333333333 0.043750000000000004 0.056666666666666664
0 0.445875 0.5579999999999999 0.04225 0.05533333333333333
0 0.447 0.634 0.0385 0.05333333333333333
0 0.455625 0.6866666666666666 0.04425 0.05733333333333333
0 0.462625 0.7423333333333333 0.04175 0.054
0 0.46337500000000004 0.39916666666666667 0.035250000000000004 0.045
0 0.469375 0.4473333333333333 0.04175 0.052
0 0.46575 0.3445 0.0345 0.04833333333333333
0 0.4845 0.5846666666666667 0.0395 0.050666666666666665
0 0.4885 0.532 0.0385 0.04933333333333333
0 0.488875 0.6506666666666666 0.03825 0.054
0 0.496625 0.7028333333333333 0.04125 0.055
0 0.504375 0.38066666666666665 0.04275 0.05333333333333333
0 0.51575 0.48766666666666664 0.0455 0.058666666666666666
0 0.519625 0.6131666666666666 0.04075 0.05366666666666667
0 0.517375 0.432 0.035750000000000004 0.048666666666666664
0 0.527875 0.5413333333333333 0.04225 0.05466666666666666
0 0.535 0.6731666666666667 0.0445 0.05633333333333333
0 0.56375 0.49033333333333334 0.0395 0.051333333333333335
0 0.56625 0.6116666666666667 0.042 0.056
0 0.570125 0.5386666666666666 0.03675 0.04933333333333333
