0 0.244625 0.31083333333333335 0.03425 0.04766666666666666
0 0.254 0.4723333333333333 0.038 0.049999999999999996
0 0.2595 0.3883333333333333 0.043000000000000003 0.05533333333333333
0 0.257125 0.5428333333333333 0.035750000000000004 0.047
0 0.277375 0.6173333333333333 0.03825 0.05333333333333333
0 0.29175 0.3288333333333333 0.0395 0.053
0 0.299 0.27466666666666667 0.0385 0.051333333333333335
0 0.30362500000000003 0.6716666666666666 0.04675 0.05733333333333333
0 0.30262500000000003 0.4688333333333333 0.04275 0.059666666666666666
0 0.300875 0.39749999999999996 0.035250000000000004 0.04766666666666666
0 0.307875 0.5543333333333333 0.04525 0.056666666666666664
0 0.33625 0.29833333333333334 0.0385 0.050666666666666665
0 0.340375 0.21683333333333332 0.04175 0.05566666666666666
0 0.340625 0.7288333333333333 0.03975 0.055
0 0.339375 0.3515 0.03725 0.047
0 0.34400000000000003 0.4455 0.0425 0.053
0 0.356625 0.6241666666666666 0.04525 0.058333333333333334
0 0.353625 0.5335 0.03675 0.049666666666666665
0 0.3715 0.3198333333333333 0.0335 0.04566666666666667
0 0.3815 0.76 0.0445 0.056666666666666664
0 0.379375 0.27 0.035750000000000004 0.048666666666666664
0 0.385875 0.4923333333333333 0.04625 0.056
0 0.38275000000000003 0.22716666666666666 0.039 0.047
0 0.39637500000000003 0.6735 0.04075 0.04766666666666666
0 0.39387500000000003 0.41566666666666663 0.03375 0.046
0 0.407625 0.5636666666666666 0.03275 0.046
0 0.417375 0.31366666666666665 0.03375 0.04666666666666666
0 0.42525 0.758 0.044 0.058666666666666666
0 0.42325 0.36766666666666664 0.035 0.04733333333333333
0 0.429875 0.607 0.04575 0.058666666666666666
0 0.42825 0.446 0.035500000000000004 0.04733333333333333
0 0.42825 0.2565 0.034 0.04566666666666667
0 0.43025 0.5153333333333333 0.036000000000000004 0.050666666666666665
0 0.434625 0.7065 0.03675 0.047
0 0.455625 0.2945 0.03975 0.04833333333333333
0 0.459125 0.3455 0.03625 0.047
0 0.4665 0.7438333333333333 0.043500000000000004 0.055
0 0.46775 0.41866666666666663 0.0415 0.05266666666666667
0 0.47475 0.5585 0.049 0.05433333333333333
0 0.47200000000000003 0.6146666666666667 0.0405 0.05333333333333333
0 0.479875 0.7971666666666667 0.03775 0.05233333333333333
0 0.49975 0.321 0.0325 0.042666666666666665
0 0.50675 0.5231666666666667 0.0375 0.047
0 0.509125 0.6528333333333333 0.03675 0.051
0 0.51575 0.37016666666666664 0.043000000000000003 0.05366666666666667
0 0.5165 0.5881666666666666 0.04 0.05366666666666667
0 0.52475 0.45899999999999996 0.0485 0.05533333333333333
0 0.544625 0.6293333333333333 0.04025 0.05266666666666667
0 0.547875 0.5246666666666666 0.04425 0.057999999999999996
0 0.5545 0.36216666666666664 0.0345 0.045
0 0.5735 0.48516666666666663 0.038 0.049666666666666665
0 0.57875 0.5943333333333333 0.0395 0.054
0 0.59 0.415 0.035500000000000004 0.049999999999999996
