0 0.2905 0.647 0.043666666666666666 0.0345
0 0.29133333333333333 0.61225 0.04 0.033
0 0.30316666666666664 0.679875 0.041666666666666664 0.03225
0 0.319 0.575875 0.044 0.03325
0 0.3173333333333333 0.533375 0.034666666666666665 0.02525
0 0.3288333333333333 0.744625 0.04033333333333333 0.029750000000000002
0 0.3416666666666667 0.621625 0.038 0.02875
0 0.35383333333333333 0.66225 0.035666666666666666 0.031
0 0.36766666666666664 0.7731250000000001 0.04533333333333333 0.03375
0 0.36666666666666664 0.7036250000000001 0.04066666666666666 0.03225
0 0.36833333333333335 0.58375 0.03933333333333333 0.0285
0 0.37566666666666665 0.54975 0.043333333333333335 0.0325
0 0.3803333333333333 0.52125 0.041999999999999996 0.0305
0 0.3828333333333333 0.740375 0.043666666666666666 0.03325
0 0.39399999999999996 0.802875 0.044 0.03225
0 0.39599999999999996 0.64975 0.042666666666666665 0.034
0 0.39716666666666667 0.6025 0.041 0.029
0 0.4043333333333333 0.69125 0.03866666666666667 0.0315
0 0.4041666666666667 0.572375 0.03766666666666667 0.02825
0 0.41816666666666663 0.506375 0.035666666666666666 0.02425
0 0.41966666666666663 0.534125 0.035333333333333335 0.02675
0 0.42466666666666664 0.622375 0.04 0.03025
0 0.42683333333333334 0.758 0.043 0.034
0 0.43766666666666665 0.6521250000000001 0.041999999999999996 0.03275
0 0.43816666666666665 0.8170000000000001 0.042333333333333334 0.033
0 0.43716666666666665 0.717375 0.03833333333333333 0.02875
0 0.45016666666666666 0.588875 0.043 0.03025
0 0.45249999999999996 0.4865 0.045 0.031
0 0.4543333333333333 0.514625 0.042666666666666665 0.029750000000000002
0 0.45649999999999996 0.555625 0.043 0.03325
0 0.46099999999999997 0.67825 0.046 0.032
0 0.4715 0.776625 0.04566666666666667 0.03375
0 0.475 0.724375 0.043333333333333335 0.03375
0 0.479 0.8442500000000001 0.04533333333333333 0.033
0 0.4875 0.599375 0.041 0.03025
0 0.48733333333333334 0.630125 0.03866666666666667 0.02875
0 0.4905 0.571625 0.041 0.02775
0 0.4925 0.51025 0.04033333333333333 0.0305
0 0.49133333333333334 0.542625 0.036 0.02825
0 0.4978333333333333 0.6935 0.042333333333333334 0.0305
0 0.4953333333333333 0.814625 0.028666666666666667 0.02675
0 0.5026666666666666 0.47325 0.041999999999999996 0.03
0 0.5075 0.663375 0.04033333333333333 0.03225
0 0.5158333333333334 0.76375 0.041666666666666664 0.033
0 0.5241666666666667 0.84275 0.041 0.029
0 0.5246666666666666 0.6275000000000001 0.03866666666666667 0.031
0 0.5273333333333333 0.595875 0.038 0.02875
0 0.5355 0.7235 0.04833333333333333 0.0325
0 0.5351666666666667 0.5365 0.04433333333333333 0.0315
0 0.5371666666666667 0.56725 0.041 0.031
0 0.5413333333333333 0.691875 0.042666666666666665 0.03225
0 0.5403333333333333 0.501375 0.038 0.029750000000000002
0 0.5445 0.47125 0.037 0.027
0 0.5518333333333333 0.8005 0.047 0.035
0 0.5595 0.6435 0.04033333333333333 0.0305
0 0.5601666666666667 0.6135 0.041 0.033
0 0.5653333333333334 0.749375 0.043333333333333335 0.03375
0 0.5721666666666666 0.5806250000000001 0.04033333333333333 0.02925
0 0.5798333333333333 0.825625 0.04566666666666667 0.03475
0 0.5746666666666667 0.5181250000000001 0.034666666666666665 0.02675
0 0.5788333333333333 0.48912500000000003 0.043 0.03075
0 0.5753333333333334 0.554125 0.035333333333333335 0.02475
0 0.5808333333333333 0.673125 0.043 0.03325
0 0.583 0.715375 0.03666666666666667 0.02825
0 0.6011666666666666 0.642375 0.037 0.02925
0 0.608 0.6032500000000001 0.03933333333333333 0.0325
0 0.609 0.504375 0.03666666666666667 0.02725
0 0.6091666666666666 0.5700000000000001 0.036333333333333336 0.027
0 0.6151666666666666 0.540375 0.04033333333333333 0.03175
0 0.62 0.727125 0.038 0.02675
0 0.6214999999999999 0.6900000000000001 0.03966666666666666 0.033
0 0.6241666666666666 0.77975 0.04033333333333333 0.0305
0 0.6438333333333333 0.584875 0.03966666666666666 0.03225
0 0.6506666666666666 0.71075 0.04 0.028
0 0.6516666666666666 0.6587500000000001 0.041999999999999996 0.0315
0 0.6531666666666667 0.806 0.041666666666666664 0.0335
0 0.6518333333333333 0.5295 0.03766666666666667 0.0275
0 0.6523333333333333 0.556875 0.03266666666666666 0.02625
0 0.6626666666666666 0.624 0.04466666666666667 0.0325
0 0.6636666666666666 0.77125 0.03866666666666667 0.029
0 0.6783333333333333 0.6813750000000001 0.04 0.03075
0 0.6891666666666666 0.5473750000000001 0.03966666666666666 0.02725
0 0.6898333333333333 0.652875 0.033666666666666664 0.02825
0 0.6898333333333333 0.5775 0.033666666666666664 0.0275
0 0.6981666666666666 0.605625 0.039 0.03025
0 0.7085 0.750125 0.041666666666666664 0.03325
0 0.7215 0.631 0.043 0.0325
0 0.7236666666666667 0.662625 0.043333333333333335 0.03125
0 0.7278333333333333 0.7076250000000001 0.04033333333333333 0.03025
