0 0.240375 0.534 0.035250000000000004 0.048666666666666664
0 0.247125 0.4673333333333333 0.04025 0.052
0 0.248 0.3968333333333333 0.0335 0.04633333333333333
0 0.2605 0.6413333333333333 0.0385 0.049999999999999996
0 0.26775 0.5856666666666667 0.0345 0.048
0 0.27725 0.35416666666666663 0.037 0.049666666666666665
0 0.28600000000000003 0.4905 0.033 0.043666666666666666
0 0.2945 0.6798333333333333 0.0405 0.049666666666666665
0 0.2935 0.43716666666666665 0.0375 0.051666666666666666
0 0.31675000000000003 0.5599999999999999 0.0385 0.049999999999999996
0 0.318875 0.6204999999999999 0.03825 0.051666666666666666
0 0.318 0.3865 0.035 0.051666666666666666
0 0.32925 0.7033333333333333 0.037 0.04666666666666666
0 0.33175 0.297 0.04 0.052
0 0.33775 0.5143333333333333 0.04 0.051333333333333335
0 0.34650000000000003 0.352 0.0345 0.04666666666666666
0 0.356625 0.7424999999999999 0.04125 0.055
0 0.35475 0.6116666666666667 0.0345 0.048
0 0.360875 0.41633333333333333 0.03475 0.04466666666666667
0 0.36612500000000003 0.6886666666666666 0.04425 0.052
0 0.369875 0.3143333333333333 0.03625 0.048666666666666664
0 0.3785 0.5143333333333333 0.0345 0.04533333333333333
0 0.393125 0.611 0.03925 0.052
0 0.39687500000000003 0.6596666666666666 0.03475 0.046
0 0.39625 0.36683333333333334 0.0315 0.04566666666666667
0 0.39975 0.7138333333333333 0.0365 0.051666666666666666
0 0.41300000000000003 0.43366666666666664 0.035 0.04666666666666666
0 0.41500000000000004 0.32316666666666666 0.032 0.043
0 0.431375 0.635 0.03925 0.05333333333333333
0 0.433 0.4983333333333333 0.0365 0.048666666666666664
0 0.436375 0.7045 0.04125 0.049666666666666665
0 0.4325 0.3813333333333333 0.0325 0.04466666666666667
0 0.434125 0.5798333333333333 0.035750000000000004 0.04566666666666667
0 0.447 0.33766666666666667 0.034 0.048666666666666664
0 0.461 0.6631666666666667 0.039 0.051666666666666666
0 0.464625 0.46299999999999997 0.04125 0.051333333333333335
0 0.464625 0.5569999999999999 0.03325 0.04533333333333333
0 0.469625 0.61 0.03775 0.051333333333333335
0 0.477875 0.385 0.035250000000000004 0.042666666666666665
0 0.49625 0.518 0.0395 0.051333333333333335
0 0.513875 0.5688333333333333 0.04025 0.05233333333333333
0 0.51425 0.4518333333333333 0.0395 0.051666666666666666
0 0.515375 0.6293333333333333 0.03875 0.049999999999999996
0 0.5395 0.41466666666666663 0.033 0.044
0 0.542625 0.49 0.03325 0.052
0 0.546625 0.5345 0.03375 0.04566666666666667
0 0.5543750000000001 0.6325 0.035750000000000004 0.050333333333333334
0 0.5615 0.4761666666666666 0.035 0.04633333333333333
