0 0.3408333333333333 0.6208750000000001 0.03766666666666667 0.02725
0 0.3416666666666667 0.647375 0.035333333333333335 0.03025
0 0.346 0.68225 0.038 0.029500000000000002
0 0.372 0.716125 0.035333333333333335 0.02875
0 0.37366666666666665 0.5935 0.033999999999999996 0.025500000000000002
0 0.37516666666666665 0.658 0.035666666666666666 0.029500000000000002
0 0.38116666666666665 0.623125 0.035666666666666666 0.02675
0 0.38116666666666665 0.7455 0.034999999999999996 0.0275
0 0.391 0.691125 0.035333333333333335 0.02525
0 0.4065 0.716125 0.041666666666666664 0.02875
0 0.41133333333333333 0.581875 0.03933333333333333 0.02775
0 0.4116666666666666 0.787625 0.03666666666666667 0.03075
0 0.4096666666666667 0.6411250000000001 0.032 0.02625
0 0.4105 0.607875 0.03166666666666666 0.02475
0 0.41716666666666663 0.668 0.030333333333333334 0.027
0 0.42133333333333334 0.74625 0.034666666666666665 0.0275
0 0.43916666666666665 0.81225 0.041 0.032
0 0.4423333333333333 0.7705 0.03733333333333333 0.0315
0 0.4438333333333333 0.595125 0.036333333333333336 0.02825
0 0.4473333333333333 0.62325 0.03333333333333333 0.028
0 0.4473333333333333 0.691625 0.03266666666666666 0.02625
0 0.4483333333333333 0.650875 0.03 0.02675
0 0.45016666666666666 0.566625 0.033666666666666664 0.02475
0 0.45399999999999996 0.720875 0.03666666666666667 0.029750000000000002
0 0.4718333333333333 0.75125 0.041 0.0315
0 0.4728333333333333 0.785625 0.03766666666666667 0.02775
0 0.4746666666666666 0.82625 0.04 0.0305
0 0.48333333333333334 0.598125 0.03866666666666667 0.02775
0 0.48433333333333334 0.68575 0.03666666666666667 0.029
0 0.4825 0.627125 0.03166666666666666 0.02825
0 0.48016666666666663 0.657625 0.025666666666666667 0.02525
0 0.48716666666666664 0.570875 0.03833333333333333 0.02875
0 0.4905 0.722125 0.039 0.03125
0 0.5026666666666666 0.848125 0.04133333333333333 0.03375
0 0.51 0.817625 0.036 0.029750000000000002
0 0.5121666666666667 0.615375 0.03833333333333333 0.02925
0 0.5111666666666667 0.780625 0.034333333333333334 0.02825
0 0.5126666666666666 0.672 0.032 0.027
0 0.5146666666666666 0.74975 0.036 0.03
0 0.5153333333333333 0.64275 0.032 0.026000000000000002
0 0.52 0.58925 0.03266666666666666 0.028
0 0.522 0.561 0.034666666666666665 0.0245
0 0.5288333333333333 0.872375 0.03966666666666666 0.03225
0 0.5281666666666667 0.715875 0.034999999999999996 0.02675
0 0.5438333333333333 0.626625 0.041 0.02925
0 0.5428333333333333 0.687625 0.039 0.03025
0 0.5425 0.8013750000000001 0.037 0.02775
0 0.5449999999999999 0.77 0.04066666666666666 0.032
0 0.5428333333333333 0.834875 0.035666666666666666 0.03075
0 0.5506666666666666 0.6551250000000001 0.03933333333333333 0.03025
0 0.5533333333333333 0.7385 0.04 0.0305
0 0.5516666666666666 0.599375 0.03333333333333333 0.02625
0 0.5579999999999999 0.573125 0.033999999999999996 0.02425
0 0.569 0.71025 0.036 0.0285
0 0.5761666666666666 0.816875 0.03966666666666666 0.03225
0 0.5788333333333333 0.6188750000000001 0.036333333333333336 0.02925
0 0.5788333333333333 0.786875 0.036333333333333336 0.03075
0 0.5788333333333333 0.67825 0.034999999999999996 0.0285
0 0.5866666666666667 0.75125 0.04 0.0285
0 0.5876666666666667 0.647375 0.03933333333333333 0.029750000000000002
0 0.5886666666666667 0.591125 0.03866666666666667 0.02775
0 0.5975 0.852125 0.036333333333333336 0.03075
0 0.609 0.707875 0.04133333333333333 0.03225
0 0.6128333333333333 0.80525 0.034999999999999996 0.029500000000000002
0 0.6184999999999999 0.6677500000000001 0.03766666666666667 0.0275
0 0.6188333333333333 0.738375 0.037 0.02875
0 0.6246666666666666 0.771625 0.04133333333333333 0.03425
0 0.6214999999999999 0.606 0.034333333333333334 0.0305
0 0.6336666666666666 0.6415 0.044 0.031
0 0.635 0.83875 0.03933333333333333 0.0285
0 0.6393333333333333 0.6920000000000001 0.035333333333333335 0.0275
0 0.6466666666666666 0.722125 0.03933333333333333 0.03175
0 0.6548333333333333 0.753625 0.04033333333333333 0.02825
0 0.6565 0.666125 0.04033333333333333 0.02875
0 0.6631666666666667 0.78725 0.039 0.0325
0 0.6746666666666666 0.645875 0.04066666666666666 0.02825
0 0.6751666666666667 0.693125 0.041666666666666664 0.03025
0 0.6773333333333333 0.83325 0.038 0.03
0 0.6965 0.7196250000000001 0.037 0.02825
0 0.7011666666666666 0.7508750000000001 0.045 0.03225
0 0.7058333333333333 0.791625 0.04566666666666667 0.03225
0 0.7116666666666667 0.684125 0.03866666666666667 0.03075
