0 0.2515 0.689625 0.06166666666666666 0.04425
0 0.2598333333333333 0.598625 0.04566666666666667 0.03625
0 0.28683333333333333 0.6411250000000001 0.05566666666666666 0.04175
0 0.2861666666666667 0.7275 0.04633333333333333 0.035
0 0.2906666666666667 0.5650000000000001 0.04933333333333333 0.04
0 0.3145 0.6833750000000001 0.049666666666666665 0.03925
0 0.3205 0.589125 0.05433333333333333 0.04125
0 0.3428333333333333 0.774375 0.06233333333333333 0.04575
0 0.3411666666666667 0.632875 0.051666666666666666 0.04225
0 0.33549999999999996 0.517 0.03833333333333333 0.033
0 0.3506666666666667 0.721625 0.057999999999999996 0.04525
0 0.3473333333333333 0.54975 0.04466666666666667 0.036000000000000004
0 0.3758333333333333 0.5115000000000001 0.05233333333333333 0.035500000000000004
0 0.3835 0.586875 0.053 0.04075
0 0.3913333333333333 0.67 0.04733333333333333 0.039
0 0.41466666666666663 0.622375 0.056666666666666664 0.04225
0 0.41866666666666663 0.54425 0.054 0.041
0 0.42 0.772 0.05333333333333333 0.041
0 0.421 0.722 0.052 0.0395
0 0.42166666666666663 0.4595 0.046 0.0335
0 0.4408333333333333 0.48875 0.04766666666666666 0.0365
0 0.45516666666666666 0.827875 0.07033333333333333 0.04675
0 0.4465 0.572375 0.04833333333333333 0.03775
0 0.4713333333333333 0.6707500000000001 0.058666666666666666 0.0465
0 0.4765 0.6225 0.057666666666666665 0.0445
0 0.47783333333333333 0.54 0.05433333333333333 0.0395
0 0.47966666666666663 0.7665000000000001 0.056666666666666664 0.043500000000000004
0 0.48766666666666664 0.716125 0.064 0.04775
0 0.47883333333333333 0.45837500000000003 0.045 0.03325
0 0.5086666666666666 0.504875 0.049999999999999996 0.03875
0 0.5163333333333333 0.584125 0.05533333333333333 0.04025
0 0.5278333333333333 0.656 0.04833333333333333 0.0385
0 0.5381666666666667 0.472375 0.053 0.03775
0 0.5469999999999999 0.750125 0.06466666666666666 0.04825
0 0.5538333333333333 0.5345 0.04833333333333333 0.036000000000000004
0 0.5636666666666666 0.614625 0.05733333333333333 0.04425
0 0.5736666666666667 0.69575 0.05533333333333333 0.0405
0 0.5881666666666666 0.49262500000000004 0.053 0.04175
0 0.5883333333333333 0.570125 0.048666666666666664 0.03975
0 0.595 0.653375 0.06 0.04675
0 0.5925 0.792375 0.05433333333333333 0.04225
0 0.606 0.45375 0.05266666666666667 0.037
0 0.6121666666666666 0.53025 0.055 0.0415
0 0.619 0.885625 0.056 0.04475
0 0.6278333333333334 0.753625 0.06366666666666666 0.04225
0 0.6293333333333333 0.607125 0.04933333333333333 0.035750000000000004
0 0.6438333333333333 0.496625 0.04833333333333333 0.03475
0 0.6543333333333333 0.699375 0.05266666666666667 0.04275
0 0.6595 0.6521250000000001 0.06033333333333333 0.04725
0 0.66 0.552875 0.04533333333333333 0.03625
0 0.6705 0.795125 0.06433333333333333 0.05225
0 0.6896666666666667 0.7435 0.06266666666666666 0.0465
0 0.6971666666666666 0.61225 0.058333333333333334 0.043500000000000004
0 0.7023333333333334 0.49 0.05466666666666666 0.0405
0 0.7026666666666667 0.530625 0.044 0.035250000000000004
0 0.7256666666666667 0.947375 0.062 0.04625
0 0.722 0.70525 0.051333333333333335 0.04
0 0.7266666666666667 0.568125 0.05733333333333333 0.04225
0 0.7273333333333333 0.8130000000000001 0.051333333333333335 0.042
0 0.7271666666666666 0.876375 0.049666666666666665 0.04125
0 0.7396666666666667 0.6567500000000001 0.06 0.0455
0 0.7595 0.5275 0.058333333333333334 0.044
0 0.7678333333333333 0.7795 0.06366666666666666 0.0455
0 0.7636666666666666 0.61 0.051333333333333335 0.0385
0 0.7783333333333333 0.9685 0.057999999999999996 0.0445
0 0.7803333333333333 0.908375 0.05333333333333333 0.04075
0 0.7871666666666667 0.69075 0.05366666666666667 0.0405
0 0.7996666666666666 0.56425 0.049999999999999996 0.0375
0 0.8096666666666666 0.64975 0.04933333333333333 0.0405
0 0.8173333333333334 0.81075 0.051333333333333335 0.047
0 0.822 0.6032500000000001 0.054 0.0425
0 0.8496666666666667 0.706375 0.06466666666666666 0.04925
0 0.8464999999999999 0.757125 0.05433333333333333 0.043750000000000004
0 0.8731666666666666 0.9223750000000001 0.057666666666666665 0.04675
0 0.8783333333333333 0.665375 0.054 0.03925
