0 0.264 0.60875 0.046 0.033
0 0.29983333333333334 0.6545 0.04633333333333333 0.035
0 0.306 0.522375 0.042666666666666665 0.03425
0 0.30616666666666664 0.5885 0.041666666666666664 0.031
0 0.32516666666666666 0.62075 0.04833333333333333 0.0375
0 0.3258333333333333 0.554 0.04433333333333333 0.034
0 0.3273333333333333 0.693875 0.041999999999999996 0.03175
0 0.35416666666666663 0.584125 0.047 0.035250000000000004
0 0.35466666666666663 0.493875 0.041999999999999996 0.03375
0 0.3565 0.52475 0.041 0.0305
0 0.358 0.657125 0.042666666666666665 0.03325
0 0.371 0.715375 0.044 0.03225
0 0.3798333333333333 0.691125 0.04833333333333333 0.035750000000000004
0 0.3853333333333333 0.76575 0.04733333333333333 0.0365
0 0.3893333333333333 0.556 0.04666666666666666 0.034
0 0.3878333333333333 0.622 0.043 0.034
0 0.39766666666666667 0.49112500000000003 0.03933333333333333 0.02875
0 0.39966666666666667 0.6627500000000001 0.041999999999999996 0.0325
0 0.407 0.58925 0.04666666666666666 0.036000000000000004
0 0.4111666666666667 0.727 0.04566666666666667 0.0325
0 0.4185 0.5205 0.045 0.0345
0 0.42983333333333335 0.55175 0.041666666666666664 0.032
0 0.43216666666666664 0.44825 0.043 0.0325
0 0.43566666666666665 0.695125 0.044 0.03475
0 0.4413333333333333 0.6325000000000001 0.048666666666666664 0.035500000000000004
0 0.446 0.47750000000000004 0.04533333333333333 0.03
0 0.4538333333333333 0.594625 0.04766666666666666 0.03725
0 0.45199999999999996 0.76975 0.04133333333333333 0.032
0 0.4618333333333333 0.66725 0.047 0.0345
0 0.4648333333333333 0.73725 0.04833333333333333 0.0365
0 0.46799999999999997 0.531 0.043333333333333335 0.034
0 0.4795 0.45375 0.045 0.029500000000000002
0 0.48683333333333334 0.805125 0.04833333333333333 0.03875
0 0.49116666666666664 0.6990000000000001 0.04833333333333333 0.035500000000000004
0 0.4915 0.568125 0.04566666666666667 0.03325
0 0.49033333333333334 0.622375 0.04133333333333333 0.03225
0 0.4928333333333333 0.49975 0.043 0.033
0 0.497 0.772375 0.043333333333333335 0.03375
0 0.5128333333333334 0.660625 0.045 0.035250000000000004
0 0.5148333333333334 0.733 0.042333333333333334 0.033
0 0.5246666666666666 0.5962500000000001 0.04666666666666666 0.034
0 0.5268333333333333 0.47475 0.045 0.0335
0 0.531 0.529375 0.04066666666666666 0.03175
0 0.5381666666666667 0.77975 0.045 0.037
0 0.5401666666666667 0.630625 0.047 0.03425
0 0.5418333333333333 0.70375 0.04766666666666666 0.033
0 0.5479999999999999 0.56425 0.04133333333333333 0.0325
0 0.5621666666666667 0.665 0.047 0.0325
0 0.5628333333333333 0.74275 0.047 0.0365
0 0.5638333333333333 0.50125 0.045 0.0335
0 0.5721666666666666 0.597 0.042333333333333334 0.032
0 0.5763333333333334 0.5345 0.046 0.0345
0 0.5898333333333333 0.632625 0.049666666666666665 0.03625
0 0.5855 0.4685 0.04033333333333333 0.0305
0 0.5903333333333333 0.704375 0.04933333333333333 0.03675
0 0.5903333333333333 0.790375 0.048 0.03875
0 0.6054999999999999 0.560625 0.04033333333333333 0.03125
0 0.6084999999999999 0.507625 0.042333333333333334 0.03075
0 0.61 0.75675 0.044 0.0325
0 0.6158333333333333 0.67675 0.03766666666666667 0.0305
0 0.6256666666666666 0.608375 0.04666666666666666 0.035250000000000004
0 0.6423333333333333 0.54625 0.03933333333333333 0.03
0 0.647 0.646625 0.048666666666666664 0.035250000000000004
0 0.6491666666666667 0.7348750000000001 0.04766666666666666 0.035250000000000004
0 0.6565 0.50875 0.048999999999999995 0.036000000000000004
0 0.6585 0.579 0.04433333333333333 0.035
0 0.6709999999999999 0.677875 0.043333333333333335 0.03125
0 0.6758333333333333 0.615 0.041 0.035
0 0.6849999999999999 0.75875 0.042666666666666665 0.0335
0 0.6938333333333333 0.5427500000000001 0.047 0.035500000000000004
0 0.7028333333333333 0.646625 0.043666666666666666 0.03325
0 0.7043333333333333 0.718875 0.04066666666666666 0.03375
0 0.7205 0.684875 0.051 0.03975
0 0.722 0.57275 0.044 0.033
0 0.7266666666666667 0.615 0.04133333333333333 0.0335
0 0.7606666666666666 0.653625 0.043333333333333335 0.03225
