0 0.22033333333333333 0.572875 0.048666666666666664 0.03425
0 0.2543333333333333 0.63175 0.050666666666666665 0.0365
0 0.2645 0.5583750000000001 0.043 0.03325
0 0.27149999999999996 0.486 0.04633333333333333 0.0365
0 0.28049999999999997 0.590375 0.04833333333333333 0.03675
0 0.289 0.520875 0.049999999999999996 0.03825
0 0.289 0.6677500000000001 0.043333333333333335 0.032
0 0.3185 0.631875 0.042333333333333334 0.03175
0 0.3178333333333333 0.5525 0.03966666666666666 0.033
0 0.328 0.457125 0.048666666666666664 0.03625
0 0.3263333333333333 0.490375 0.04466666666666667 0.03075
0 0.33699999999999997 0.6705 0.05933333333333333 0.0455
0 0.3378333333333333 0.733 0.047 0.0385
0 0.347 0.5962500000000001 0.041999999999999996 0.0335
0 0.35683333333333334 0.52675 0.04633333333333333 0.036000000000000004
0 0.362 0.63725 0.042666666666666665 0.0325
0 0.36583333333333334 0.700125 0.043666666666666666 0.03425
0 0.3735 0.56025 0.049666666666666665 0.037
0 0.37416666666666665 0.457625 0.043666666666666666 0.03175
0 0.3903333333333333 0.490375 0.048 0.03675
0 0.39316666666666666 0.672 0.04433333333333333 0.035
0 0.39616666666666667 0.7458750000000001 0.041666666666666664 0.03325
0 0.40149999999999997 0.524 0.04633333333333333 0.032
0 0.4038333333333333 0.606 0.049666666666666665 0.0365
0 0.41516666666666663 0.415375 0.043 0.03375
0 0.42133333333333334 0.642625 0.05333333333333333 0.03725
0 0.422 0.567375 0.051333333333333335 0.03875
0 0.41916666666666663 0.711875 0.045 0.03275
0 0.42966666666666664 0.780625 0.054 0.03475
0 0.42683333333333334 0.44825 0.041666666666666664 0.0325
0 0.4418333333333333 0.504125 0.047 0.03425
0 0.4433333333333333 0.74825 0.043333333333333335 0.035
0 0.4483333333333333 0.6755 0.049999999999999996 0.037
0 0.45649999999999996 0.6002500000000001 0.04433333333333333 0.0315
0 0.46449999999999997 0.543125 0.04633333333333333 0.03475
0 0.4663333333333333 0.711875 0.043333333333333335 0.03325
0 0.4653333333333333 0.42625 0.04133333333333333 0.0335
0 0.4766666666666666 0.47250000000000003 0.04733333333333333 0.0365
0 0.4766666666666666 0.640375 0.044 0.03425
0 0.48333333333333334 0.760625 0.04733333333333333 0.035750000000000004
0 0.4943333333333333 0.575125 0.048 0.03625
0 0.4988333333333333 0.68725 0.043666666666666666 0.033
0 0.507 0.6095 0.04733333333333333 0.036000000000000004
0 0.5105 0.507125 0.043666666666666666 0.03225
0 0.5131666666666667 0.44825 0.04833333333333333 0.035
0 0.5133333333333333 0.727125 0.04733333333333333 0.03675
0 0.5246666666666666 0.543875 0.044 0.03225
0 0.5256666666666666 0.6471250000000001 0.041999999999999996 0.03325
0 0.5351666666666667 0.776375 0.05433333333333333 0.03675
0 0.5428333333333333 0.57825 0.045 0.0325
0 0.5475 0.477875 0.04833333333333333 0.035250000000000004
0 0.5528333333333333 0.687625 0.04766666666666666 0.03425
0 0.5575 0.6158750000000001 0.04833333333333333 0.03725
0 0.5575 0.515 0.04633333333333333 0.037
0 0.5631666666666666 0.738375 0.043666666666666666 0.03425
0 0.5756666666666667 0.446625 0.041999999999999996 0.03425
0 0.5803333333333334 0.66025 0.041999999999999996 0.0315
0 0.5835 0.545 0.043 0.033
0 0.5986666666666667 0.6475 0.054 0.051500000000000004
0 0.5945 0.49 0.045 0.0335
0 0.5971666666666666 0.592 0.047 0.035500000000000004
0 0.6048333333333333 0.71975 0.04833333333333333 0.0365
0 0.6158333333333333 0.631375 0.047 0.03475
0 0.6246666666666666 0.532125 0.04133333333333333 0.03125
0 0.6351666666666667 0.56575 0.04633333333333333 0.036000000000000004
0 0.6335 0.66425 0.042333333333333334 0.0325
0 0.6376666666666666 0.7458750000000001 0.041999999999999996 0.03475
0 0.645 0.4955 0.048666666666666664 0.035500000000000004
0 0.6501666666666667 0.6012500000000001 0.041666666666666664 0.032
0 0.6621666666666667 0.708 0.045 0.0335
0 0.6709999999999999 0.63375 0.041999999999999996 0.0345
0 0.6761666666666667 0.533375 0.049666666666666665 0.03725
0 0.6845 0.6743750000000001 0.048999999999999995 0.03975
0 0.7011666666666666 0.60675 0.043666666666666666 0.0325
0 0.7043333333333333 0.565375 0.042666666666666665 0.03425
0 0.7293333333333333 0.64625 0.04466666666666667 0.0325
