0 0.20566666666666666 0.660375 0.049999999999999996 0.03775
0 0.22016666666666665 0.61 0.04766666666666666 0.036000000000000004
0 0.2515 0.758625 0.051666666666666666 0.03775
0 0.24916666666666665 0.534125 0.04633333333333333 0.03325
0 0.2513333333333333 0.676625 0.04933333333333333 0.03725
0 0.25083333333333335 0.6365000000000001 0.043 0.0335
0 0.25516666666666665 0.586 0.04566666666666667 0.032
0 0.267 0.7205 0.04533333333333333 0.035500000000000004
0 0.28683333333333333 0.5525 0.041666666666666664 0.0335
0 0.297 0.601375 0.048666666666666664 0.03775
0 0.30066666666666664 0.6865 0.051333333333333335 0.039
0 0.29583333333333334 0.5161250000000001 0.041666666666666664 0.03125
0 0.30683333333333335 0.646625 0.051 0.03975
0 0.3168333333333333 0.734125 0.051666666666666666 0.03825
0 0.3308333333333333 0.772875 0.05433333333333333 0.03925
0 0.3383333333333333 0.616125 0.04733333333333333 0.03275
0 0.3475 0.58325 0.048999999999999995 0.036000000000000004
0 0.3463333333333333 0.5415 0.046 0.035500000000000004
0 0.3491666666666667 0.506375 0.04833333333333333 0.035250000000000004
0 0.35316666666666663 0.66025 0.050333333333333334 0.04
0 0.36716666666666664 0.699375 0.04766666666666666 0.03475
0 0.3805 0.7435 0.045 0.0345
0 0.3908333333333333 0.783375 0.045 0.03475
0 0.3943333333333333 0.634875 0.049999999999999996 0.03825
0 0.3923333333333333 0.47325 0.04533333333333333 0.034
0 0.4038333333333333 0.51 0.051 0.0375
0 0.4058333333333333 0.5955 0.048999999999999995 0.037
0 0.4043333333333333 0.5475 0.044 0.034
0 0.41933333333333334 0.6755 0.04933333333333333 0.0405
0 0.42133333333333334 0.721625 0.044 0.03425
0 0.42983333333333335 0.754375 0.05433333333333333 0.03675
0 0.4403333333333333 0.7817500000000001 0.04666666666666666 0.0325
0 0.4455 0.48962500000000003 0.043 0.03375
0 0.44916666666666666 0.52625 0.04766666666666666 0.038
0 0.4513333333333333 0.5650000000000001 0.044 0.034
0 0.4563333333333333 0.604 0.049999999999999996 0.0385
0 0.45516666666666666 0.6435 0.042333333333333334 0.033
0 0.469 0.69425 0.049999999999999996 0.0385
0 0.47733333333333333 0.732875 0.04533333333333333 0.03725
0 0.482 0.7705 0.044 0.035
0 0.4885 0.466625 0.05233333333333333 0.03675
0 0.49566666666666664 0.814625 0.052 0.03975
0 0.49466666666666664 0.5345 0.04 0.032
0 0.497 0.579875 0.04133333333333333 0.03125
0 0.5026666666666666 0.622375 0.048666666666666664 0.03675
0 0.5048333333333334 0.659125 0.047 0.03475
0 0.5095 0.503625 0.045 0.03175
0 0.521 0.70325 0.051333333333333335 0.0395
0 0.531 0.74825 0.050666666666666665 0.04
0 0.5455 0.6005 0.04833333333333333 0.0375
0 0.5476666666666666 0.47750000000000004 0.048666666666666664 0.0375
0 0.5506666666666666 0.561375 0.048666666666666664 0.03375
0 0.5491666666666667 0.64 0.045 0.036000000000000004
0 0.5538333333333333 0.522375 0.04833333333333333 0.03625
0 0.5533333333333333 0.7885 0.04666666666666666 0.0345
0 0.5653333333333334 0.683 0.052 0.037
0 0.5673333333333334 0.720125 0.04466666666666667 0.03425
0 0.5861666666666666 0.76225 0.043666666666666666 0.0345
0 0.5971666666666666 0.486 0.043 0.0325
0 0.5981666666666666 0.54 0.042333333333333334 0.034
0 0.6028333333333333 0.58025 0.047 0.037
0 0.6038333333333333 0.6205 0.042333333333333334 0.0335
0 0.6084999999999999 0.6567500000000001 0.049666666666666665 0.037
0 0.6091666666666666 0.796625 0.050333333333333334 0.03925
0 0.6204999999999999 0.7095 0.053 0.0405
0 0.6283333333333333 0.7508750000000001 0.04733333333333333 0.04025
0 0.6396666666666666 0.516875 0.04933333333333333 0.035750000000000004
0 0.645 0.553625 0.044 0.03225
0 0.6445 0.595 0.04033333333333333 0.0335
0 0.6621666666666667 0.6865 0.04433333333333333 0.035
0 0.6778333333333333 0.651375 0.04833333333333333 0.03825
0 0.6813333333333333 0.734625 0.052 0.03725
0 0.6913333333333334 0.57125 0.05333333333333333 0.0385
0 0.698 0.527875 0.04666666666666666 0.03625
0 0.7043333333333333 0.6072500000000001 0.041999999999999996 0.035
0 0.7266666666666667 0.651625 0.04466666666666667 0.03625
