0 0.19566666666666666 0.49 0.05333333333333333 0.038
0 0.2035 0.42912500000000003 0.051 0.03775
0 0.2075 0.6098750000000001 0.047 0.03725
0 0.2105 0.53025 0.045 0.034
0 0.22699999999999998 0.56625 0.03333333333333333 0.0315
0 0.247 0.467 0.051333333333333335 0.0375
0 0.25166666666666665 0.511875 0.048 0.03375
0 0.2528333333333333 0.55125 0.04833333333333333 0.0375
0 0.25016666666666665 0.644 0.041 0.0345
0 0.2545 0.43062500000000004 0.04566666666666667 0.035750000000000004
0 0.257 0.684125 0.050666666666666665 0.04025
0 0.254 0.588875 0.043333333333333335 0.03325
0 0.28933333333333333 0.658375 0.048666666666666664 0.03825
0 0.29233333333333333 0.6185 0.049999999999999996 0.037
0 0.29433333333333334 0.5337500000000001 0.042666666666666665 0.033
0 0.29866666666666664 0.40950000000000003 0.048666666666666664 0.035500000000000004
0 0.2965 0.5755 0.04433333333333333 0.035
0 0.3015 0.445 0.048999999999999995 0.035500000000000004
0 0.30383333333333334 0.4935 0.043 0.0345
0 0.308 0.375875 0.049999999999999996 0.035750000000000004
0 0.3133333333333333 0.68725 0.050666666666666665 0.035
0 0.3348333333333333 0.634875 0.04566666666666667 0.03475
0 0.33949999999999997 0.59775 0.05233333333333333 0.04
0 0.3413333333333333 0.56 0.049999999999999996 0.0385
0 0.3453333333333333 0.722 0.05266666666666667 0.041
0 0.346 0.47550000000000003 0.050666666666666665 0.036000000000000004
0 0.3465 0.522375 0.04833333333333333 0.035250000000000004
0 0.3491666666666667 0.398625 0.04766666666666666 0.03375
0 0.3525 0.43875000000000003 0.049666666666666665 0.0385
0 0.361 0.6707500000000001 0.052 0.0425
0 0.3718333333333333 0.3725 0.050333333333333334 0.0365
0 0.3788333333333333 0.62475 0.04833333333333333 0.039
0 0.3903333333333333 0.495375 0.049999999999999996 0.03725
0 0.3913333333333333 0.574375 0.043333333333333335 0.03375
0 0.39666666666666667 0.534875 0.042666666666666665 0.03175
0 0.3973333333333333 0.451 0.043333333333333335 0.035
0 0.40199999999999997 0.697375 0.04933333333333333 0.03225
0 0.4061666666666667 0.4185 0.05433333333333333 0.0375
0 0.412 0.38525 0.04466666666666667 0.032
0 0.42516666666666664 0.64775 0.051 0.039
0 0.428 0.59975 0.04466666666666667 0.0345
0 0.4373333333333333 0.56225 0.04933333333333333 0.0365
0 0.44166666666666665 0.44775000000000004 0.04933333333333333 0.037
0 0.444 0.48962500000000003 0.04666666666666666 0.035250000000000004
0 0.4465 0.52625 0.048999999999999995 0.0365
0 0.4488333333333333 0.697375 0.051666666666666666 0.03775
0 0.4598333333333333 0.39937500000000004 0.04433333333333333 0.03475
0 0.4613333333333333 0.7322500000000001 0.04533333333333333 0.035500000000000004
0 0.4711666666666667 0.633 0.043666666666666666 0.035
0 0.476 0.586375 0.048666666666666664 0.03625
0 0.47533333333333333 0.36562500000000003 0.04733333333333333 0.03475
0 0.48766666666666664 0.548875 0.044 0.03325
0 0.495 0.434875 0.04533333333333333 0.03375
0 0.4943333333333333 0.51225 0.044 0.035
0 0.5053333333333333 0.474375 0.044 0.035750000000000004
0 0.5085 0.39325 0.04566666666666667 0.0335
0 0.5116666666666666 0.702125 0.046 0.03725
0 0.5116666666666666 0.656375 0.044 0.03225
0 0.5195 0.622375 0.050333333333333334 0.03775
0 0.5258333333333333 0.581 0.047 0.036000000000000004
0 0.5418333333333333 0.501375 0.047 0.035250000000000004
0 0.5433333333333333 0.42712500000000003 0.046 0.03625
0 0.5439999999999999 0.534125 0.04133333333333333 0.03125
0 0.5511666666666667 0.46375 0.050333333333333334 0.0375
0 0.5545 0.68325 0.050333333333333334 0.039
0 0.5621666666666667 0.64625 0.043666666666666666 0.0345
0 0.5653333333333334 0.61 0.043333333333333335 0.0335
0 0.5758333333333333 0.5720000000000001 0.04833333333333333 0.0375
0 0.5886666666666667 0.49 0.044 0.032
0 0.5876666666666667 0.536375 0.04066666666666666 0.03225
0 0.5955 0.4455 0.041 0.0315
0 0.607 0.63225 0.04066666666666666 0.0335
0 0.61 0.677875 0.04466666666666667 0.03475
0 0.6288333333333334 0.5115000000000001 0.04833333333333333 0.036000000000000004
0 0.6308333333333334 0.557625 0.051 0.04075
0 0.631 0.5962500000000001 0.04533333333333333 0.034
