0 0.37466666666666665 0.47625 0.04666666666666666 0.0375
0 0.382 0.41225 0.04933333333333333 0.0335
0 0.3845 0.5985 0.048999999999999995 0.036000000000000004
0 0.39349999999999996 0.51575 0.04766666666666666 0.035
0 0.39666666666666667 0.55375 0.044 0.034
0 0.427 0.451375 0.048 0.03675
0 0.433 0.41350000000000003 0.04733333333333333 0.0325
0 0.43083333333333335 0.631 0.04033333333333333 0.0305
0 0.4363333333333333 0.49775 0.04533333333333333 0.0335
0 0.4378333333333333 0.535375 0.04633333333333333 0.03675
0 0.4385 0.572875 0.043 0.03225
0 0.4458333333333333 0.671625 0.049666666666666665 0.03625
0 0.47716666666666663 0.392125 0.04566666666666667 0.03275
0 0.48033333333333333 0.602125 0.048666666666666664 0.03625
0 0.47833333333333333 0.5185 0.044 0.0335
0 0.47833333333333333 0.645 0.044 0.0335
0 0.4815 0.42675 0.047 0.036000000000000004
0 0.4835 0.358625 0.04766666666666666 0.03425
0 0.4835 0.559875 0.04433333333333333 0.03375
0 0.48583333333333334 0.47525 0.043 0.035
0 0.505 0.67 0.04733333333333333 0.035500000000000004
0 0.5251666666666667 0.6165 0.043666666666666666 0.031
0 0.5278333333333333 0.5407500000000001 0.04633333333333333 0.035500000000000004
0 0.5278333333333333 0.378625 0.04566666666666667 0.03175
0 0.5288333333333333 0.45525 0.04633333333333333 0.034
0 0.5288333333333333 0.579125 0.04566666666666667 0.03625
0 0.5308333333333333 0.503625 0.04566666666666667 0.03425
0 0.532 0.419625 0.046 0.03425
0 0.5435 0.704875 0.04833333333333333 0.03725
0 0.5471666666666667 0.35175 0.049666666666666665 0.033
0 0.5538333333333333 0.652875 0.047 0.03725
0 0.5721666666666666 0.475125 0.04833333333333333 0.03825
0 0.5715 0.606375 0.042333333333333334 0.03475
0 0.5783333333333334 0.43062500000000004 0.043333333333333335 0.03175
0 0.5845 0.39887500000000004 0.051666666666666666 0.03375
0 0.584 0.55325 0.04133333333333333 0.034
0 0.5861666666666666 0.5145 0.041 0.032
0 0.5886666666666667 0.364875 0.03933333333333333 0.03375
0 0.5986666666666667 0.6763750000000001 0.04466666666666667 0.03125
0 0.62 0.627875 0.048 0.035750000000000004
0 0.6224999999999999 0.42675 0.04566666666666667 0.035500000000000004
0 0.621 0.577375 0.041999999999999996 0.03175
0 0.6251666666666666 0.5415 0.04433333333333333 0.034
0 0.6268333333333334 0.468125 0.04633333333333333 0.03375
0 0.632 0.505625 0.046 0.035250000000000004
0 0.6406666666666666 0.377625 0.04133333333333333 0.03175
0 0.6445 0.6775 0.047 0.037
0 0.6491666666666667 0.34600000000000003 0.043666666666666666 0.032
0 0.6621666666666667 0.711125 0.04566666666666667 0.035250000000000004
0 0.6616666666666666 0.6135 0.042666666666666665 0.0345
0 0.6673333333333333 0.56375 0.04533333333333333 0.036000000000000004
0 0.6761666666666667 0.41450000000000004 0.04633333333333333 0.035500000000000004
0 0.6768333333333333 0.52675 0.04033333333333333 0.033
0 0.6803333333333333 0.48925 0.043333333333333335 0.036000000000000004
0 0.6876666666666666 0.451625 0.044 0.03425
0 0.6871666666666666 0.372 0.04033333333333333 0.031
0 0.7063333333333333 0.63325 0.04066666666666666 0.033
0 0.71 0.59975 0.044 0.0365
0 0.7121666666666666 0.679125 0.04433333333333333 0.03425
0 0.7136666666666667 0.558 0.046 0.036000000000000004
0 0.7226666666666667 0.402875 0.050666666666666665 0.03725
0 0.7278333333333333 0.47750000000000004 0.048999999999999995 0.034
0 0.7318333333333333 0.44075000000000003 0.04566666666666667 0.035500000000000004
0 0.732 0.510375 0.04066666666666666 0.03125
0 0.7506666666666666 0.66025 0.04933333333333333 0.0365
0 0.758 0.584875 0.04066666666666666 0.03225
0 0.758 0.621625 0.04066666666666666 0.03325
0 0.7621666666666667 0.547875 0.045 0.035250000000000004
0 0.772 0.464125 0.04466666666666667 0.03075
0 0.7751666666666667 0.424 0.04566666666666667 0.035500000000000004
0 0.7725 0.513375 0.036333333333333336 0.035250000000000004
0 0.8038333333333333 0.606 0.043 0.0345
0 0.8075 0.652875 0.043 0.03275
0 0.8131666666666666 0.486375 0.04633333333333333 0.035750000000000004
0 0.821 0.5337500000000001 0.04933333333333333 0.0395
0 0.8251666666666666 0.56925 0.042333333333333334 0.033
