0 0.28733333333333333 0.6188750000000001 0.042666666666666665 0.03275
0 0.30383333333333334 0.571625 0.039 0.03025
0 0.31116666666666665 0.5407500000000001 0.043666666666666666 0.03
0 0.3265 0.6005 0.043 0.033
0 0.3475 0.63725 0.04633333333333333 0.034
0 0.34883333333333333 0.56725 0.042333333333333334 0.0325
0 0.35433333333333333 0.52975 0.041999999999999996 0.033
0 0.3768333333333333 0.595 0.042333333333333334 0.0325
0 0.3888333333333333 0.555125 0.036333333333333336 0.02875
0 0.40166666666666667 0.66925 0.04466666666666667 0.0345
0 0.4033333333333333 0.625875 0.043333333333333335 0.03125
0 0.4048333333333333 0.7075 0.04566666666666667 0.035500000000000004
0 0.408 0.492 0.042666666666666665 0.0335
0 0.41233333333333333 0.530125 0.041999999999999996 0.03075
0 0.42066666666666663 0.57825 0.04066666666666666 0.0335
0 0.4398333333333333 0.6118750000000001 0.041 0.03225
0 0.4458333333333333 0.6505 0.041 0.032
0 0.4543333333333333 0.688375 0.04733333333333333 0.03425
0 0.4548333333333333 0.7212500000000001 0.042333333333333334 0.031
0 0.45799999999999996 0.5095000000000001 0.043333333333333335 0.0335
0 0.45849999999999996 0.561 0.04033333333333333 0.0315
0 0.4638333333333333 0.47400000000000003 0.043666666666666666 0.0315
0 0.475 0.59 0.041999999999999996 0.032
0 0.485 0.62425 0.044 0.034
0 0.495 0.532875 0.042666666666666665 0.03225
0 0.4975 0.66225 0.042333333333333334 0.0315
0 0.4978333333333333 0.735625 0.043 0.03375
0 0.5016666666666667 0.49825 0.041999999999999996 0.0315
0 0.5023333333333333 0.70125 0.03933333333333333 0.0305
0 0.5085 0.466125 0.043666666666666666 0.03125
0 0.5146666666666666 0.581375 0.03733333333333333 0.02825
0 0.522 0.636 0.038 0.032
0 0.5371666666666667 0.682125 0.041666666666666664 0.03325
0 0.5403333333333333 0.55525 0.041999999999999996 0.029
0 0.5413333333333333 0.7185 0.042666666666666665 0.0335
0 0.5423333333333333 0.756375 0.04466666666666667 0.03475
0 0.5429999999999999 0.51025 0.038 0.03
0 0.5575 0.6188750000000001 0.042333333333333334 0.03125
0 0.5636666666666666 0.58675 0.043333333333333335 0.033
0 0.5705 0.6505 0.04633333333333333 0.0335
0 0.5688333333333333 0.483375 0.03766666666666667 0.02775
0 0.582 0.550125 0.044 0.03275
0 0.5871666666666666 0.733375 0.043666666666666666 0.035250000000000004
0 0.5886666666666667 0.6955 0.036 0.029500000000000002
0 0.5971666666666666 0.508 0.043 0.0315
0 0.6018333333333333 0.61025 0.041666666666666664 0.0315
0 0.6106666666666667 0.575125 0.042666666666666665 0.03325
0 0.6121666666666666 0.4685 0.042333333333333334 0.0305
0 0.62 0.646625 0.04133333333333333 0.03125
0 0.6273333333333333 0.543875 0.041999999999999996 0.02775
0 0.6298333333333334 0.688375 0.045 0.03375
0 0.6428333333333333 0.7185 0.03766666666666667 0.03
0 0.645 0.504875 0.04133333333333333 0.03025
0 0.6466666666666666 0.601625 0.03933333333333333 0.02925
0 0.6621666666666667 0.568125 0.04566666666666667 0.03175
0 0.6741666666666667 0.692375 0.043 0.03275
0 0.6808333333333333 0.726625 0.042333333333333334 0.03225
0 0.6871666666666666 0.632625 0.039 0.03075
0 0.6883333333333334 0.529125 0.03733333333333333 0.029750000000000002
0 0.6955 0.595875 0.037 0.03075
0 0.709 0.55875 0.044 0.0345
0 0.731 0.621625 0.03733333333333333 0.029750000000000002
0 0.7381666666666666 0.7025 0.03966666666666666 0.0335
0 0.7418333333333333 0.58675 0.041666666666666664 0.032
0 0.745 0.66425 0.044 0.036000000000000004
