0 0.3418333333333333 0.649375 0.039 0.02925
0 0.3473333333333333 0.713375 0.03933333333333333 0.03075
0 0.36716666666666664 0.623625 0.04033333333333333 0.02925
0 0.3735 0.675875 0.04033333333333333 0.03275
0 0.389 0.5916250000000001 0.03933333333333333 0.02625
0 0.39066666666666666 0.643875 0.04133333333333333 0.03075
0 0.4018333333333333 0.702875 0.037 0.02775
0 0.408 0.7438750000000001 0.04533333333333333 0.03325
0 0.4066666666666667 0.614625 0.04066666666666666 0.03075
0 0.4145 0.67125 0.04433333333333333 0.034
0 0.43366666666666664 0.773875 0.046 0.03475
0 0.4383333333333333 0.69825 0.038 0.029500000000000002
0 0.4385 0.586125 0.036333333333333336 0.02875
0 0.4418333333333333 0.64425 0.041 0.0305
0 0.44616666666666666 0.54625 0.035666666666666666 0.0285
0 0.45599999999999996 0.61575 0.03866666666666667 0.0275
0 0.45799999999999996 0.670125 0.04066666666666666 0.03125
0 0.45716666666666667 0.79625 0.03833333333333333 0.027
0 0.4603333333333333 0.739625 0.04466666666666667 0.03425
0 0.477 0.59075 0.04 0.0315
0 0.47833333333333333 0.771625 0.041999999999999996 0.03375
0 0.48116666666666663 0.700625 0.03966666666666666 0.03075
0 0.48133333333333334 0.644625 0.03733333333333333 0.02925
0 0.4865 0.5583750000000001 0.034999999999999996 0.02775
0 0.49766666666666665 0.617375 0.04066666666666666 0.03025
0 0.5043333333333333 0.6723750000000001 0.04133333333333333 0.03275
0 0.5058333333333334 0.791125 0.043666666666666666 0.03175
0 0.5065 0.7345 0.043666666666666666 0.035
0 0.5173333333333333 0.586125 0.04466666666666667 0.03375
0 0.5263333333333333 0.645375 0.041999999999999996 0.03225
0 0.5268333333333333 0.70125 0.043 0.0335
0 0.5366666666666666 0.55325 0.04066666666666666 0.0325
0 0.5386666666666666 0.77075 0.04133333333333333 0.0335
0 0.5418333333333333 0.61425 0.043 0.031
0 0.5501666666666667 0.6743750000000001 0.041666666666666664 0.03125
0 0.5528333333333333 0.8013750000000001 0.045 0.03275
0 0.5569999999999999 0.74125 0.042666666666666665 0.0305
0 0.5609999999999999 0.5885 0.038 0.0305
0 0.571 0.64275 0.038 0.03
0 0.5778333333333333 0.7076250000000001 0.04433333333333333 0.03225
0 0.582 0.77675 0.043333333333333335 0.029
0 0.5923333333333333 0.568125 0.044 0.03375
0 0.5913333333333333 0.810625 0.04133333333333333 0.03425
0 0.595 0.6188750000000001 0.04 0.03075
0 0.5986666666666667 0.67625 0.038 0.03
0 0.6094999999999999 0.73875 0.04033333333333333 0.0315
0 0.6163333333333333 0.64775 0.038 0.029
0 0.6226666666666666 0.70475 0.042666666666666665 0.0325
0 0.6231666666666666 0.767375 0.04033333333333333 0.03075
0 0.6251666666666666 0.597875 0.035666666666666666 0.02875
0 0.6418333333333334 0.623125 0.034333333333333334 0.02825
0 0.6496666666666666 0.73175 0.043333333333333335 0.0335
0 0.6538333333333333 0.668875 0.037 0.03025
0 0.6746666666666666 0.64225 0.038 0.03
0 0.6793333333333333 0.69975 0.04066666666666666 0.032
0 0.6913333333333334 0.67275 0.04133333333333333 0.0285
